,Sensor-1,Sensor-2,Sensor-3,Sensor-4,Sensor-5,Sensor-6,Sensor-7,Sensor-8,Sensor-9,Sensor-10,Sensor-11,Sensor-12,Sensor-13,Sensor-14,Sensor-15,Sensor-16,Sensor-17,Sensor-18,Sensor-19,Sensor-20,Sensor-21,Sensor-22,Sensor-23,Sensor-24,Sensor-25,Sensor-26,Sensor-27,Sensor-28,Sensor-29,Sensor-30,Sensor-31,Sensor-32,Sensor-33,Sensor-34,Sensor-35,Sensor-36,Sensor-37,Sensor-38,Sensor-39,Sensor-40,Sensor-41,Sensor-42,Sensor-43,Sensor-44,Sensor-45,Sensor-46,Sensor-47,Sensor-48,Sensor-49,Sensor-50,Sensor-51,Sensor-52,Sensor-53,Sensor-54,Sensor-55,Sensor-56,Sensor-57,Sensor-58,Sensor-59,Sensor-60,Sensor-61,Sensor-62,Sensor-63,Sensor-64,Sensor-65,Sensor-66,Sensor-67,Sensor-68,Sensor-69,Sensor-70,Sensor-71,Sensor-72,Sensor-73,Sensor-74,Sensor-75,Sensor-76,Sensor-77,Sensor-78,Sensor-79,Sensor-80,Sensor-81,Sensor-82,Sensor-83,Sensor-84,Sensor-85,Sensor-86,Sensor-87,Sensor-88,Sensor-89,Sensor-90,Sensor-91,Sensor-92,Sensor-93,Sensor-94,Sensor-95,Sensor-96,Sensor-97,Sensor-98,Sensor-99,Sensor-100,Sensor-101,Sensor-102,Sensor-103,Sensor-104,Sensor-105,Sensor-106,Sensor-107,Sensor-108,Sensor-109,Sensor-110,Sensor-111,Sensor-112,Sensor-113,Sensor-114,Sensor-115,Sensor-116,Sensor-117,Sensor-118,Sensor-119,Sensor-120,Sensor-121,Sensor-122,Sensor-123,Sensor-124,Sensor-125,Sensor-126,Sensor-127,Sensor-128,Sensor-129,Sensor-130,Sensor-131,Sensor-132,Sensor-133,Sensor-134,Sensor-135,Sensor-136,Sensor-137,Sensor-138,Sensor-139,Sensor-140,Sensor-141,Sensor-142,Sensor-143,Sensor-144,Sensor-145,Sensor-146,Sensor-147,Sensor-148,Sensor-149,Sensor-150,Sensor-151,Sensor-152,Sensor-153,Sensor-154,Sensor-155,Sensor-156,Sensor-157,Sensor-158,Sensor-159,Sensor-160,Sensor-161,Sensor-162,Sensor-163,Sensor-164,Sensor-165,Sensor-166,Sensor-167,Sensor-168,Sensor-169,Sensor-170,Sensor-171,Sensor-172,Sensor-173,Sensor-174,Sensor-175,Sensor-176,Sensor-177,Sensor-178,Sensor-179,Sensor-180,Sensor-181,Sensor-182,Sensor-183,Sensor-184,Sensor-185,Sensor-186,Sensor-187,Sensor-188,Sensor-189,Sensor-190,Sensor-191,Sensor-192,Sensor-193,Sensor-194,Sensor-195,Sensor-196,Sensor-197,Sensor-198,Sensor-199,Sensor-200,Sensor-201,Sensor-202,Sensor-203,Sensor-204,Sensor-205,Sensor-206,Sensor-207,Sensor-208,Sensor-209,Sensor-210,Sensor-211,Sensor-212,Sensor-213,Sensor-214,Sensor-215,Sensor-216,Sensor-217,Sensor-218,Sensor-219,Sensor-220,Sensor-221,Sensor-222,Sensor-223,Sensor-224,Sensor-225,Sensor-226,Sensor-227,Sensor-228,Sensor-229,Sensor-230,Sensor-231,Sensor-232,Sensor-233,Sensor-234,Sensor-235,Sensor-236,Sensor-237,Sensor-238,Sensor-239,Sensor-240,Sensor-241,Sensor-242,Sensor-243,Sensor-244,Sensor-245,Sensor-246,Sensor-247,Sensor-248,Sensor-249,Sensor-250,Sensor-251,Sensor-252,Sensor-253,Sensor-254,Sensor-255,Sensor-256,Sensor-257,Sensor-258,Sensor-259,Sensor-260,Sensor-261,Sensor-262,Sensor-263,Sensor-264,Sensor-265,Sensor-266,Sensor-267,Sensor-268,Sensor-269,Sensor-270,Sensor-271,Sensor-272,Sensor-273,Sensor-274,Sensor-275,Sensor-276,Sensor-277,Sensor-278,Sensor-279,Sensor-280,Sensor-281,Sensor-282,Sensor-283,Sensor-284,Sensor-285,Sensor-286,Sensor-287,Sensor-288,Sensor-289,Sensor-290,Sensor-291,Sensor-292,Sensor-293,Sensor-294,Sensor-295,Sensor-296,Sensor-297,Sensor-298,Sensor-299,Sensor-300,Sensor-301,Sensor-302,Sensor-303,Sensor-304,Sensor-305,Sensor-306,Sensor-307,Sensor-308,Sensor-309,Sensor-310,Sensor-311,Sensor-312,Sensor-313,Sensor-314,Sensor-315,Sensor-316,Sensor-317,Sensor-318,Sensor-319,Sensor-320,Sensor-321,Sensor-322,Sensor-323,Sensor-324,Sensor-325,Sensor-326,Sensor-327,Sensor-328,Sensor-329,Sensor-330,Sensor-331,Sensor-332,Sensor-333,Sensor-334,Sensor-335,Sensor-336,Sensor-337,Sensor-338,Sensor-339,Sensor-340,Sensor-341,Sensor-342,Sensor-343,Sensor-344,Sensor-345,Sensor-346,Sensor-347,Sensor-348,Sensor-349,Sensor-350,Sensor-351,Sensor-352,Sensor-353,Sensor-354,Sensor-355,Sensor-356,Sensor-357,Sensor-358,Sensor-359,Sensor-360,Sensor-361,Sensor-362,Sensor-363,Sensor-364,Sensor-365,Sensor-366,Sensor-367,Sensor-368,Sensor-369,Sensor-370,Sensor-371,Sensor-372,Sensor-373,Sensor-374,Sensor-375,Sensor-376,Sensor-377,Sensor-378,Sensor-379,Sensor-380,Sensor-381,Sensor-382,Sensor-383,Sensor-384,Sensor-385,Sensor-386,Sensor-387,Sensor-388,Sensor-389,Sensor-390,Sensor-391,Sensor-392,Sensor-393,Sensor-394,Sensor-395,Sensor-396,Sensor-397,Sensor-398,Sensor-399,Sensor-400,Sensor-401,Sensor-402,Sensor-403,Sensor-404,Sensor-405,Sensor-406,Sensor-407,Sensor-408,Sensor-409,Sensor-410,Sensor-411,Sensor-412,Sensor-413,Sensor-414,Sensor-415,Sensor-416,Sensor-417,Sensor-418,Sensor-419,Sensor-420,Sensor-421,Sensor-422,Sensor-423,Sensor-424,Sensor-425,Sensor-426,Sensor-427,Sensor-428,Sensor-429,Sensor-430,Sensor-431,Sensor-432,Sensor-433,Sensor-434,Sensor-435,Sensor-436,Sensor-437,Sensor-438,Sensor-439,Sensor-440,Sensor-441,Sensor-442,Sensor-443,Sensor-444,Sensor-445,Sensor-446,Sensor-447,Sensor-448,Sensor-449,Sensor-450,Sensor-451,Sensor-452,Sensor-453,Sensor-454,Sensor-455,Sensor-456,Sensor-457,Sensor-458,Sensor-459,Sensor-460,Sensor-461,Sensor-462,Sensor-463,Sensor-464,Sensor-465,Sensor-466,Sensor-467,Sensor-468,Sensor-469,Sensor-470,Sensor-471,Sensor-472,Sensor-473,Sensor-474,Sensor-475,Sensor-476,Sensor-477,Sensor-478,Sensor-479,Sensor-480,Sensor-481,Sensor-482,Sensor-483,Sensor-484,Sensor-485,Sensor-486,Sensor-487,Sensor-488,Sensor-489,Sensor-490,Sensor-491,Sensor-492,Sensor-493,Sensor-494,Sensor-495,Sensor-496,Sensor-497,Sensor-498,Sensor-499,Sensor-500,Sensor-501,Sensor-502,Sensor-503,Sensor-504,Sensor-505,Sensor-506,Sensor-507,Sensor-508,Sensor-509,Sensor-510,Sensor-511,Sensor-512,Sensor-513,Sensor-514,Sensor-515,Sensor-516,Sensor-517,Sensor-518,Sensor-519,Sensor-520,Sensor-521,Sensor-522,Sensor-523,Sensor-524,Sensor-525,Sensor-526,Sensor-527,Sensor-528,Sensor-529,Sensor-530,Sensor-531,Sensor-532,Sensor-533,Sensor-534,Sensor-535,Sensor-536,Sensor-537,Sensor-538,Sensor-539,Sensor-540,Sensor-541,Sensor-542,Sensor-543,Sensor-544,Sensor-545,Sensor-546,Sensor-547,Sensor-548,Sensor-549,Sensor-550,Sensor-551,Sensor-552,Sensor-553,Sensor-554,Sensor-555,Sensor-556,Sensor-557,Sensor-558,Sensor-559,Sensor-560,Sensor-561,Sensor-562,Sensor-563,Sensor-564,Sensor-565,Sensor-566,Sensor-567,Sensor-568,Sensor-569,Sensor-570,Sensor-571,Sensor-572,Sensor-573,Sensor-574,Sensor-575,Sensor-576,Sensor-577,Sensor-578,Sensor-579,Sensor-580,Sensor-581,Sensor-582,Sensor-583,Sensor-584,Sensor-585,Sensor-586,Sensor-587,Sensor-588,Sensor-589,Sensor-590,Good/Bad
Wafer-501,3076.81,2158.75,2208.2334,1517.0152,1.098,100,110.19,0.1247,1.4357,0.0089,0.0052,0.9655,199.7795,0,9.5309,412.8315,10.3272,0.9715,189.4522,12.5031,1.3936,-6273.75,3099.5,-6286.75,1542,0.9815,1.8963,5.1583,69.6111,2.3778,0.1511,4.6859,84.0746,9.3335,50.4357,64.3729,49.5643,66.5362,86.8786,118.0092,66.55,3.142,70,356.06,9.999,137.0591,734.2707,1.3907,140.8191,1,633.9382,198.8364,0,4.587,4.831,2856,0.927,0.9495,4.5556,3.43,353.5827,10.3811,120.4891,12.7509,16.57,24.1049,710.1658,0.8641,147.1155,1,621.1873,118.7831,,,0,-0.0118,-0.0683,-0.0104,-0.0599,-0.0004,-0.0814,-0.0331,-0.0108,6.5108,0.1397,,2.3541,0.9806,1784.4188,0.1917,9319.68,0.0695,0.001,0.0018,0,0,0.0453,0,-0.2384,-0.0567,0.0002,-0.0001,-0.0552,-0.011,0.0008,-0.001,-0.0018,-0.1042,-0.0793,,,,0.4596,0.9604,0,765.0814,0.9911,58.37,0.5975,0.9647,6.4081,15.95,4.361,16.04,15.99,1.314,2.588,0.6629,2.968,-0.6623,0.7101,0.9945,2.2689,1010.787,44.2527,101,281.2,219.8,62.7,610.354,0.1262,0,7.84,0.0033,0.136,0.0799,0.0497,0.0116,7.8595,0,8.036,5.33,0.2741,0.0086,7.6305,0.4,0.0323,,,237,502,10782,70,0.125,0.082,0.146,2.5,0.5,0.074,0.322,0.6425,0.1151,0.4311,0.6534,0.4311,0.8073,0.3676,0.306,0,0,15.64,0.744,12.72,37.22,0.1416,11.15,0,17.64,28.724,0,0,0,0,0,0,0.271,4.6,18.18,0.318,12.48,28.23,4.6,3.737,38.963,0.0871,6.38,0,28.23,70.572,0,0.0752,0.2434,0.034,0.0312,0.07,0.1043,0.0958,0.06,4.2382,0.0035,,0.1074,0.0126,117.9119,0.0429,830.2002,0,0.0151,0.0144,0,0,0,0,0,0,0,0,0,0.0054,0.0042,0,0,0,0,,,,0.0202,0.0081,0,90.6967,0.0005,1.715,0.0184,0.03,0.5659,0,0,0,0,0,0,0,0,0,0,0,0.0305,25.508,4.3424,27.5865,96.7096,84.5465,21.145,191.6794,0.0405,0,2.3057,0.001,0.0456,0.0214,0.0154,0.0039,2.9903,0,2.0576,1.5766,0.0846,0.0028,2.9664,0.0969,0.0122,,,107.6394,219.7309,5135.8678,35.6183,0.0519,0.0343,0.0653,0.9185,0.1856,0.0221,0.0997,0.2516,0.0408,0.1628,0.2639,0.1628,0.3192,0.133,0.1246,0,0,0,5.0292,0.1781,3.3199,11.1274,0.0484,3.2176,0,5.3205,9.8325,0,0,0,0,0,0,0.0848,1.2731,5.5002,0.1001,3.6074,8.7225,1.2731,1.1912,11.8084,0.0249,2.1235,0,7.9841,22.1106,,,0,0.0181,0.1009,0.0148,0.0132,0.0213,0.0439,0.0508,0.0258,1.659,0.001,,0.0311,0.0038,36.3402,0.0116,213.1124,0,0.0047,0.0041,0.0031,0.002,0,0,0,0,0,0,0,0.0016,0.0012,0,0,0,0,,,,0.0066,0.0029,0,24.5656,0.0002,0.493,0.0059,0.0091,0.1834,0,0,0,0,0,0,0,0,0,0,0,0.0102,10.7455,1.4988,4.4389,9.1393,10.1818,2.8394,40.2339,11.4929,0,7.115,2.6468,9.4725,896.4937,958.0723,1.1966,3.9341,0,84.3151,1.2911,2.6543,0.8839,4.0276,3.1992,2.3171,3.7776,16.1962,171.5036,4.5396,12.7356,4.3243,2.8304,3.5914,21.028,48.9706,6.8717,0.7642,1.2332,0.8548,1.015,0.8698,1.2133,0.4231,0.2593,0,0,0,4.3925,7.4407,9.2807,5.069,10.1785,7.918,0,2.7826,14.446,0,0,0,0,0,0,5.9487,134.1108,5.1417,3.0633,10.3578,221.3959,27.761,15.5032,5.4865,10.0758,4.3367,0,4.5445,59.4125,0,634.934,356.369,328.5024,52.1086,0,128.054,289.426,558.1395,65.095,2.506,,4.5618,1.2862,6.6079,22.3577,8.908,0,0,811.2676,0,0,0,0,0,0,0,0,0,48.9241,550.8197,0,0,0,0,,,,4.3915,0.8486,0,11.8545,0.0508,2.9382,3.0748,3.1118,8.8315,0,0,0,0,0,0,0,0,0,0,0,1.3443,2.5236,9.8127,0.1096,0.0078,0.0026,7.116,,,,,,,,,,,,,0.9552,0.2197,0.0392,23.0054,253.386,0.8654,8.25,0.2698,3.3504,0.1041,3.2559,31.1737,533.2291,2.2587,8.28,0.2158,2.8321,0.0724,1.5528,9.5549,0.0465,0.0299,0.009,64.2405,0.5016,0.0152,0.004,3.0319,0.0465,0.0299,0.009,64.2405,-1
Wafer-502,2951.62,2511.92,2253.5111,1397.506,0.966,100,109.7611,0.121,1.5527,0.0119,-0.0082,0.9572,199.7862,0,11.6535,413.2373,10.5044,0.9737,189.2818,12.4673,1.3879,-6368.5,3016.25,-4134.3333,1526.5,0.9712,1.8872,5.067,68.1111,2.0889,0.1519,4.656,83.6359,9.7836,50.2716,64.1163,49.7284,66.5667,87.2,117.9252,66.12,3.242,70,355.2927,10.126,133.8773,730.6197,1.4053,143.9318,1,633.1018,205.5932,0,4.587,4.831,2856,0.927,0.9495,4.5556,2.3755,352.99,10.4832,116.2527,14.7873,17.6245,24.9602,705.6595,0.9892,149.0718,1,618.3145,62.8368,,,0,0.0005,-0.0589,-0.0403,-0.0626,0.0478,-0.1074,-0.0206,-0.0317,6.7352,0.1332,,2.385,0.971,1817.0486,0.148,8542.16,-0.0849,-0.0008,-0.0045,0.0003,0.0001,-0.4517,0,1.2456,-0.0046,-0.0005,0.0006,0.0212,-0.0147,0.0001,0.0008,0.0045,-0.0842,-0.0889,,,,0.4575,0.9451,0,738.7298,0.9908,59.7608,0.6001,0.9642,6.4305,15.84,4.809,15.9,15.9,1.163,2.708,0.7242,3.025,-0.1419,0.6764,0.9964,2.3044,997.8064,36.287,96,121.4,105.9,70.4001,403.536,0.1905,0,6.64,0.0027,0.1256,0.0507,0.0491,0.0193,7.5131,0,7.602,7.274,0.2823,0.0099,7.344,0.21,0.1258,,,469,646,1617,183,0.077,0.095,0.159,2.3,1.1,0.059,0.089,0.5844,0.0617,0.3105,0.5844,0.3105,0.7618,0.2439,0.192,0,0,15.61,0.315,10.87,32.333,0.1806,5.75,0,20.11,41.49,0,0,0,0,0,0,0.271,3.75,18.48,0.304,11.3,23.55,3.75,4.76,29.924,0.2727,8.34,0,23.55,63.553,0,0.1249,0.0485,0.081,0.035,0.0922,0.0535,0.1179,0.0678,5.4294,0.0028,,0.0319,0.0083,130.873,0.0222,1355.0005,0,0.0257,0.0237,0,0,0,0,0,0,0,0,0,0.0042,0.0066,0,0,0,0,,,,0.0225,0.0191,0,117.1096,0.0011,1.9568,0.0431,0.0277,0.5977,0,0,0,0,0,0,0,0,0,0,0,0.0384,31.204,5.1375,26.5667,37.1245,34.1837,21.1755,130.2914,0.0522,0,2.0978,0.0008,0.0445,0.0155,0.016,0.0064,2.871,0,2.5525,2.1095,0.0863,0.0033,2.8416,0.0498,0.0476,,,203.0016,273.4683,905.3079,79.0886,0.0321,0.0393,0.0705,0.7474,0.3333,0.018,0.0313,0.2303,0.0313,0.122,0.2497,0.122,0.2973,0.1059,0.0821,0,0,0,5.0931,0.0919,3.0776,10.1967,0.0499,1.6638,0,6.312,12.4891,0,0,0,0,0,0,0.0848,1.1525,6.3977,0.0816,3.1913,9.8963,1.1525,1.3399,9.9026,0.1036,2.642,0,6.6517,24.6877,,,0,0.0318,0.0201,0.0346,0.0157,0.0281,0.0226,0.0608,0.0319,1.9041,0.0009,,0.0121,0.0028,45.4733,0.0068,501.0217,0,0.006,0.0067,0.0066,0.0046,0,0,0,0,0,0,0,0.0013,0.0023,0,0,0,0,,,,0.0055,0.0064,0,47.6582,0.0003,0.6586,0.0147,0.0095,0.2014,0,0,0,0,0,0,0,0,0,0,0,0.0119,10.9722,1.4918,4.2153,4.113,4.2159,3.124,28.8754,19.7192,0,6.0495,2.2308,8.0891,426.4984,596.0546,2.02,3.7606,0,65.2334,1.7602,2.6878,1.0139,3.88,1.6844,9.0633,7.3644,21.4173,39.1115,11.9882,7.9279,5.0338,3.138,3.3768,52.6596,38.8442,1.9115,0.6987,0.6306,0.6176,0.9115,0.6244,1.1444,0.2797,0.1628,0,0,0,4.3936,3.1108,8.1194,4.4254,12.8511,3.9949,0,3.1764,20.1806,0,0,0,0,0,0,5.9487,157.8645,5.2353,2.8999,9.7202,159.2588,21.2771,19.0702,4.2406,27.5679,5.5946,0,3.8087,101.1397,0,0,82.343,201.2422,55.8659,192.761,49.8022,573.0255,213.8801,80.6126,2.1014,,1.3389,0.858,7.2025,14.9844,15.8625,0,0,525.9362,0,0,0,0,0,0,0,0,0,28.5472,0,0,0,0,0,,,,4.913,2.0186,0,15.8528,0.1111,3.2743,7.1759,2.8766,9.295,0,0,0,0,0,0,0,0,0,0,0,1.6684,3.1273,14.158,0.1096,0.0078,0.0026,7.116,2.1536,403.842,72.9,0.7908,12.71,0.12,0.3203,6.2595,0.052,36.7217,3.1473,0.1646,0.9799,0.4397,0.0728,44.8745,,,,,,,,,531.9209,2.2497,7.99,0.2536,2.9131,0.08,1.5021,11.2721,-0.0012,0.0252,0.0081,0,0.4953,0.0105,0.0037,2.1266,-0.0012,0.0252,0.0081,0,-1
Wafer-503,2930.42,2505.17,2235.0556,1302.6607,1.6347,100,109.9856,0.123,1.4588,-0.0143,0.0017,0.9702,198.3353,0,10.4761,420.1418,10.121,0.9802,188.2143,12.5031,1.4147,-5319.25,2691,-2732.5,-1411.5,1.2933,1.9968,7.332,68.6,2.3333,0.1899,3.4207,85.3154,8.5135,50.3873,64.1605,49.6127,66.2242,86.6662,119.2382,78.79,3.194,70,354.2445,10.0652,140.1591,738.5474,1.3753,141.9682,1,636.3718,201.7307,0,4.587,4.831,2856,0.927,0.9495,4.5556,1.1682,353.4,10.3411,121.3273,14.4718,18.8318,26.8972,711.6502,0.8983,147.1727,1,621.9,93.5076,,,0,-0.0019,-0.0347,0,-0.0553,0.0282,-0.1204,-0.0268,-0.0195,7.29,0.1298,,2.3793,0.9905,1824.9624,0.2081,8956.1699,0.0986,-0.0026,-0.0006,0,0,0.0211,0,0.1105,0.0716,-0.0002,0.0001,-0.0492,-0.0118,-0.001,0.0027,0.0006,-0.0951,-0.196,,,,0.4602,0.9435,0,781.077,0.9912,57.3112,0.6037,0.9769,6.3281,15.84,4.809,15.9,15.9,1.163,2.708,0.7242,3.025,-0.1419,0.6764,0.9964,2.3044,997.8064,36.287,308,44.7,67.8,52.7002,340.736,0.0928,0,5.95,0.0032,0.0617,0.0391,0.0479,0.0087,7.7434,0,10.912,5.461,0.8803,0.0053,6.8631,0.4,0.0707,,,1161,552,2534,3828,0.15,0.112,0.124,3.2,2.1,0.144,0.496,0.8867,0.0417,0.3555,0.4481,0.3555,0.6013,0.204,0.135,0,0,17.85,0.492,13.53,38.099,0.1789,8.16,0,21.34,52.832,0,0,0,0,0,0,0.271,6.13,18.01,0.267,11.59,26.14,6.13,10.5131,36.596,0.1859,7.04,0,26.14,71.249,0,0.0769,0.0387,0.0415,0.0408,0.0958,0.0714,0.0971,0.0595,3.1861,0.0017,,0.0771,0.0006,78.7338,0.1051,500.3994,0,0.014,0.0252,0,0,0,0,0,0,0,0,0,0.0067,0.005,0,0,0,0,,,,0.0162,0.0286,0,47.4918,0.0009,3.9506,0.0283,0.0045,0.4996,0,0,0,0,0,0,0,0,0,0,0,0.0384,31.204,5.1375,53.7425,18.2008,21.904,17.5117,102.5782,0.0315,0,1.8399,0.001,0.0233,0.0127,0.0138,0.003,2.5794,0,3.2658,1.5946,0.2367,0.0017,2.3621,0.0969,0.0273,,,520.3943,237.0724,1135.4161,1679.9543,0.0696,0.058,0.0589,1.0062,0.6021,0.0528,0.1726,0.3188,0.0162,0.1379,0.1922,0.1379,0.2451,0.0781,0.0494,0,0,0,5.443,0.1377,3.8218,11.4262,0.0522,2.7227,0,6.6935,15.3685,0,0,0,0,0,0,0.0848,1.6024,5.288,0.0762,3.4421,9.4207,1.6024,2.8629,11.6924,0.0593,2.0335,0,7.7625,26.5998,,,0,0.0234,0.0181,0.0194,0.0174,0.0262,0.0397,0.0494,0.0283,1.1246,0.0007,,0.0251,0.0002,25.072,0.0333,184.5364,0,0.0042,0.0068,0.0019,0.0024,0,0,0,0,0,0,0,0.0022,0.0017,0,0,0,0,,,,0.0049,0.0101,0,16.9905,0.0003,1.2234,0.0097,0.0013,0.1639,0,0,0,0,0,0,0,0,0,0,0,0.0119,10.9722,1.4918,13.8933,1.5254,2.7064,2.3579,26.1569,5.6797,0,5.4098,2.601,4.2296,272.8304,0,0.9006,3.9042,0,104.161,1.2998,8.6974,0.5412,3.6465,3.1992,4.9953,21.8264,20.5128,92.7356,271.2009,11.5987,5.6091,1.6912,4.6647,90,75.8338,14.5001,1.0393,0.4896,0.7055,0.6984,0.7166,0.908,0.2354,0.1132,0,0,0,5.0389,4.8881,9.6533,5.1586,13.0091,5.7478,0,3.3534,26.1894,0,0,0,0,0,0,5.9487,524.7483,5.0962,2.5819,9.5527,180.6271,32.5513,39.0861,5.1424,20.6914,4.7835,0,4.2032,76.1959,0,0,111.6078,0,73.7127,339.7916,59.3146,361.6387,305.5199,43.7043,1.3095,,3.2425,0.062,4.3143,50.4994,5.5872,0,530.8057,0,0,0,0,0,0,0,0,0,0,56.5998,519.4805,0,0,0,0,,,,3.5104,3.0339,0,6.0803,0.0918,6.8932,4.6794,0.4656,7.8944,0,0,0,0,0,0,0,0,0,0,0,1.6684,3.1273,14.158,0.1096,0.0078,0.0026,7.116,1.0411,404.8,73.42,1.0123,12.8,1.3,0.3924,5.8523,0.4781,97.2304,3.1621,1.7706,0.9744,0.3804,0.0692,39.043,,,,,,,,,537.41,2.1437,5.17,0.1427,1.7648,0.053,0.962,6.6571,,,,,0.4958,0.0111,0.0033,2.2296,-0.0012,0.0252,0.0081,0,-1
Wafer-504,2997.28,2357.99,2141.0667,1236.5212,0.9698,100,98.3344,0.1238,1.5973,-0.0534,-0.0284,0.9708,197.6416,0,9.3115,412.9151,9.4989,0.9744,188.1427,12.5455,1.384,-6366,3133.5,-2914,1381.25,0.9863,1.8988,5.204,68.1778,2.5889,0.1619,4.6661,84.2212,9.2047,50.1936,64.0841,49.8064,66.4854,87.0488,118.034,65.01,3.459,70,360.3582,9.9243,143.1564,747.4086,0.9078,134.8382,1,638.3527,120.503,0,4.643,4.857,2852,0.9236,0.9558,4.4987,0.1691,359.4836,10.2771,123.3255,11.6717,19.8309,24.6599,722.7487,1.1275,145.0809,1,627.89,53.7075,,,0,-0.0303,-0.0998,-0.0038,-0.1014,0.0035,-0.1024,-0.0107,-0.0348,8.1997,0.1292,,2.3091,0.9808,1772.7789,0.1529,8637.8101,0.0153,0.0005,-0.0026,0.0002,0,-0.2169,0,0.3723,-0.0167,0.0001,0.0002,-0.0215,-0.0112,0.0002,-0.0005,0.0026,0.0328,-0.0725,,,,0.4594,0.9731,0,719.8728,0.9913,57.7984,0.6001,0.9674,6.3491,15.91,4.392,15.94,15.89,1.239,2.453,0.6586,2.91,-0.5204,0.7586,0.9981,2.2967,1003.0211,38.9026,96,73.2,83.3,61.3999,322.771,0.0854,0,6.63,0.0042,0.0637,0.1216,0.1825,0.0147,10.9103,0,4.472,9.429,0.3276,0.0098,10.6513,0.19,0.0404,,,356,495,5594,250,0.09,0.074,0.13,3.2,1,0.06,0.171,0.6024,0.1348,0.4061,0.7844,0.4061,0.8855,0.2246,0.228,0,0,14.43,0.448,13.93,38.378,0.1081,7.48,0,22.84,31.687,0,0,0,0,0,0,0.252,6.34,21.11,0.453,7.61,29.8,6.34,8.66,30.688,0.3815,27.18,0,30.88,116.531,0,0.088,0.074,0.0369,0.0747,0.0794,0.1474,0.0796,0.0477,4.0848,0.0016,,0.0584,0.0658,134.4961,0.0434,1222.6001,0,0.0224,0.0246,0,0,0,0,0,0,0,0,0,0.0048,0.0027,0,0,0,0,,,,0.0192,0.0124,0,106.0247,0.0009,1.785,0.039,0.0185,0.415,0,0,0,0,0,0,0,0,0,0,0,0.0334,33.747,4.0302,27.85,24.9491,27.0277,21.9104,121.4834,0.0278,0,2.0315,0.0013,0.0235,0.031,0.0513,0.0051,3.3213,0,1.4958,2.6228,0.1137,0.0033,3.2382,0.0483,0.0156,,,164.3979,241.3994,2532.069,107.1988,0.0426,0.0323,0.0589,0.8913,0.3855,0.0186,0.053,0.2567,0.0537,0.1636,0.2967,0.1636,0.3398,0.0857,0.0902,0,0,0,5.1317,0.132,3.6892,11.4766,0.0343,1.9217,0,6.9399,9.9679,0,0,0,0,0,0,0.0806,1.9749,7.165,0.1403,2.3851,12.1675,1.9749,2.4148,9.8956,0.1215,6.5467,0,10.1221,35.4071,,,0,0.0282,0.0348,0.0163,0.0327,0.0222,0.0757,0.0406,0.0261,1.3369,0.0006,,0.0211,0.0202,43.9416,0.0134,335.5979,0,0.0052,0.0062,0.0055,0.0041,0,0,0,0,0,0,0,0.0017,0.001,0,0,0,0,,,,0.0054,0.0045,0,30.9519,0.0003,0.5347,0.0131,0.0061,0.1401,0,0,0,0,0,0,0,0,0,0,0,0.012,13.4011,1.3131,4.2467,2.4422,3.5327,2.8677,26.1032,8.8091,0,6.7423,3.3921,3.988,227.5289,642.3229,1.5163,5.5203,0,48.0269,2.2835,3.4492,1.0019,5.6613,1.5145,2.919,5.5922,15.797,191.9698,18.0995,9.1255,3.8973,2.4981,4.6936,38.6266,37.0625,3.6647,0.7153,1.4641,0.8091,1.224,0.8154,1.3319,0.258,0.1932,0,0,0,4.0043,4.5142,9.7306,5.1348,11.9095,5.5474,0,3.578,26.2956,0,0,0,0,0,0,5.6016,0,5.8723,4.4079,6.1707,255.3186,31.9703,35.1178,4.246,33.8367,18.7344,0,4.9181,216.9736,0,290.7289,74.1483,964.7059,73.6323,0,143.9102,742.1911,136.9706,49.816,1.2384,,2.5291,6.7055,7.5867,28.3756,14.1541,0,0,953.0266,0,0,0,0,0,0,0,0,0,42.7141,0,0,0,0,0,,,,4.187,1.2727,0,14.7283,0.0888,3.0884,6.5036,1.9099,6.5367,0,0,0,0,0,0,0,0,0,0,0,1.4539,3.3645,10.3597,0.1096,0.0078,0.0026,7.116,,,,,,,,,,,,,0.9523,0.1245,0.0277,13.0712,,,,,,,,,530.8673,2.3145,9.85,0.4535,3.4587,0.1169,1.8554,19.5919,,,,,0.4962,0.0086,0.0024,1.7297,-0.0012,0.0252,0.0081,0,-1
Wafer-505,3025.1,2475.18,2235.0556,1302.6607,1.6347,100,109.9856,0.123,1.5525,-0.0078,-0.0005,0.968,198.4894,0,11.6119,415.9781,10.1357,0.9788,188.3537,12.5059,1.4162,-5651.25,2729.25,-6901,-3293.25,1.293,2.015,7.3477,69.2111,2.3111,0.1942,3.3711,85.5528,8.9546,50.458,64.1864,49.542,66.2016,86.9821,118.6376,78.38,1.831,70,354.8327,10.0161,138.1955,735.7722,1.4036,142.8809,1,635.9091,186.2993,0,4.587,4.831,2856,0.927,0.9495,4.5556,2.6491,353.92,10.312,120.8445,13.57,17.3509,25.1013,710.6709,0.8697,147.5745,1,622.3391,108.6802,,,0,-0.0199,-0.0318,0.0193,-0.0592,0.027,-0.1118,-0.0162,-0.0249,6.278,0.1267,,2.3877,0.9878,1796.8323,0.1549,9454.83,0.0385,-0.0011,-0.0002,0.0001,0,-0.1004,0,0.3534,0.0493,-0.0002,0.0002,-0.1245,-0.011,-0.0007,0.0011,0.0002,-0.0762,-0.1125,,,,0.4697,0.94,0,803.8346,0.9908,58.1353,0.5865,0.9764,6.3417,15.87,4.563,15.96,15.91,1.541,2.51,0.6567,2.89,0,0.7717,0.9946,2.2965,1001.3796,36.7896,116,113.9,105.9,52.7002,340.736,0.0928,0,5.95,0.0032,0.0653,0.0439,0.0395,0.01,7.5167,0,11.099,8.921,0.8477,0.006,6.6689,0.31,0.0245,,,574,654,11770,10009,0.147,0.074,0.117,3.2,1.7,0.102,0.356,0.76,0.0593,0.4036,0.6347,0.4036,0.6944,0.2679,0.141,0,0,17.45,0.805,13.32,37.566,0.1781,9.5,0,20.42,55.443,0,0,0,0,0,0,0.271,5.18,18.31,0.9,13.18,19.92,5.18,10.79,40.332,0.1771,14.54,0,19.92,89.198,0,0.0769,0.0334,0.0837,0.019,0.0742,0.0883,0.05,0.0356,4.1035,0.0023,,0.0334,0.0019,94.3829,0.0313,1958.9004,0,0.0194,0.0228,0,0,0,0,0,0,0,0,0,0.0041,0.0044,0,0,0,0,,,,0.0468,0.0273,0,182.7313,0.0009,1.8307,0.053,0.0048,0.5921,0,0,0,0,0,0,0,0,0,0,0,0.039,31.776,3.6498,29.5719,33.4869,33.937,17.5117,102.5782,0.0315,0,1.8399,0.001,0.0213,0.0128,0.0115,0.0034,2.5273,0,3.807,2.5285,0.2279,0.0019,2.3206,0.0877,0.0077,,,250.5319,298.9006,5828.4759,4675.243,0.0657,0.0302,0.0519,0.9918,0.5487,0.0362,0.1302,0.3021,0.0227,0.153,0.2297,0.153,0.2787,0.1049,0.0629,0,0,0,4.8905,0.2205,3.6771,11.1455,0.0472,2.514,0,6.3433,18.6183,0,0,0,0,0,0,0.0848,1.6186,5.8527,0.2419,3.8622,10.2489,1.6186,3.1052,12.2256,0.0471,3.9538,0,6.4912,25.6653,,,0,0.0228,0.0151,0.0349,0.0092,0.0259,0.0468,0.0224,0.0164,1.362,0.0007,,0.0127,0.0005,32.0976,0.0088,733.2918,0,0.005,0.0063,0.0032,0.0015,0,0,0,0,0,0,0,0.0015,0.0016,0,0,0,0,,,,0.0126,0.0089,0,63.6851,0.0003,0.6683,0.0162,0.0016,0.1894,0,0,0,0,0,0,0,0,0,0,0,0.0119,12.0637,1.1609,5.3162,3.7652,4.2785,2.3579,26.1569,5.6797,0,5.4098,2.601,4.206,564.6302,0,1.0316,3.7869,0,95.5829,2.1446,8.3635,0.6081,3.5406,2.4788,1.7314,10.157,23.9626,170.555,303.9247,11.3689,3.6725,1.5923,4.6235,73.5577,52.5172,10.5603,0.8883,0.6623,0.7999,0.9888,0.8147,1.0489,0.308,0.1188,0,0,0,4.9178,8.0371,9.6385,5.1057,12.6914,6.6489,0,3.2112,29.7602,0,0,0,0,0,0,5.9487,195.5388,5.1735,8.7277,10.9066,146.7942,29.8543,42.9858,5.6752,20.3606,9.8527,0,3.2008,82.0738,0,386.5536,105.1969,433.6788,32.081,275.197,78.9627,309.119,142.8285,65.3625,1.8158,,1.397,0.1906,5.2527,20.2259,20.7185,0,0,0,0,0,0,0,0,0,0,0,0,37.3576,664.1509,0,0,0,0,,,,9.9614,2.9082,0,22.7325,0.0889,3.1491,9.0304,0.4951,9.336,0,0,0,0,0,0,0,0,0,0,0,1.6967,3.1732,9.9207,0.1096,0.0078,0.0026,7.116,,,,,,,,,,,,,0.9552,0.2197,0.0392,23.0054,,,,,,,,,535.8409,2.2266,6.37,0.2423,2.0838,0.0736,1.1888,10.8826,,,,,0.4983,0.0159,0.0041,3.1927,-0.0012,0.0252,0.0081,0,-1
Wafer-506,2992.15,2538.05,2162.8445,1312.3198,0.8286,100,100.3633,0.1242,1.4509,0.0028,-0.0059,0.9664,200.187,0,7.7716,425.5928,10.1271,0.9807,190.0599,12.4849,1.4094,-5397.5,3260.25,-3292.25,-316,1.273,1.9798,7.3343,68.5889,2.4111,0.2156,3.3416,85.7419,8.5788,50.3811,64.1013,49.6189,66.2428,86.6582,119.341,78,3.483,70,355.0682,10.0871,136.6964,734.9422,1.3452,142.2082,1,633.9727,185.1224,0,4.584,4.829,2858,0.9265,0.9493,4.5501,3.1382,353.9855,10.3609,119.8345,13.4267,16.8618,24.5541,710.3881,0.9588,148.0836,1,621.9036,87.0393,,,0,-0.012,-0.0391,0.0209,-0.0767,-0.0068,-0.1069,-0.0181,-0.015,7.4462,0.1332,,2.3948,0.9878,1832.138,0.1872,8626.21,0.0775,-0.0018,0.0002,0.0001,0,-0.1795,0,0.4717,-0.0102,-0.0002,0.0002,0.0157,-0.0114,0.0001,0.0018,-0.0003,0.0073,-0.0243,,,,0.4602,0.9381,0,738.2743,0.9907,58.0778,0.602,0.9678,6.3704,15.91,4.392,15.94,15.89,1.239,2.453,0.6586,2.91,-0.5204,0.7586,0.9981,2.2967,1003.0211,38.9026,84,82.4,78.5,58.8999,334.1429,0.0502,0,6.29,0.0036,0.0939,0.0522,0.0376,0.0124,8.7923,0,4.218,10.08,0.3778,0.0058,8.4641,0.3,0.0374,0.0359,1362.9004,328,2446,930,1111,0.136,0.088,0.175,2.7,1.6,0.17,0.407,0.833,0.0953,0.2635,0.4863,0.2635,0.7203,0.2316,0.18,0,0,14.98,0.479,11.68,33.041,0.1635,5.19,0,23.15,37.524,0,0,0,0,0,0,0.55,4.27,20.45,0.463,11.1,18.97,4.27,4.65,30.804,0.2302,13.57,0,24.51,122.019,0,0.077,0.0561,0.0672,0.0314,0.06,0.0564,0.0505,0.1046,3.5957,0.0018,,0.0759,0.0023,117.928,0.0217,1366.1997,0,0.0225,0.0141,0,0,0,0,0,0,0,0,0,0.0043,0.0041,0,0,0,0,,,,0.0148,0.0438,0,141.5192,0.0008,1.9069,0.0538,0.0202,0.399,0,0,0,0,0,0,0,0,0,0,0,0.0334,33.747,4.0302,23.2572,28.7106,27.2949,21.6792,131.3065,0.0186,0,2.1735,0.0011,0.0415,0.0184,0.0113,0.0041,2.7866,0,1.321,2.8708,0.1411,0.0021,2.7175,0.0849,0.0122,0.0129,509.53,152.0537,1160.4443,418.4952,514.8819,0.0704,0.0445,0.072,0.8253,0.5689,0.0496,0.1503,0.351,0.0352,0.1204,0.1991,0.1204,0.2938,0.0918,0.0745,0,0,0,4.1069,0.1341,3.1892,10.267,0.0442,1.7425,0,6.708,10.4229,0,0,0,0,0,0,0.105,1.3313,6.0129,0.1279,3.2526,10.241,1.3313,1.4217,10.4141,0.0684,3.6258,0,7.2155,40.4714,,,0,0.0256,0.0253,0.0299,0.0147,0.0182,0.029,0.0247,0.0475,1.1561,0.0006,,0.0229,0.0007,44.3071,0.0064,504.8244,0,0.005,0.0036,0.0045,0.0029,0,0,0,0,0,0,0,0.0016,0.0016,0,0,0,0,,,,0.0049,0.0136,0,51.6485,0.0002,0.676,0.0192,0.0069,0.133,0,0,0,0,0,0,0,0,0,0,0,0.012,13.4011,1.3131,3.6945,2.7539,3.0929,2.7233,25.462,6.0568,0,6.2672,2.8979,6.4717,0,640,1.2847,4.392,0,54.2743,2.3685,3.7306,0.5896,4.4534,2.4029,2.6528,6.0769,75.0249,28.2482,351.5823,10.6834,4.445,2.3861,3.9365,66.3594,78.866,12.18,0.9715,1.1104,0.523,0.7586,0.531,1.0874,0.2673,0.1508,0,0,0,4.2189,4.7486,8.5445,4.4957,12.1539,3.6496,0,3.6516,20.2698,0,0,0,0,0,0,12.0877,136.066,5.7771,4.4687,9.2628,141.2854,25.3235,18.9379,4.3362,24.0095,9.1637,0,3.9411,140.1884,0,639.6677,143.662,321.147,40.9121,877.5137,52.7843,278.6207,699.6656,48.2892,1.3518,,3.1678,0.2375,6.4366,11.6009,15.8378,0,0,0,0,0,0,0,0,0,0,0,0,37.8022,0,0,0,0,0,,,,3.2071,4.6697,0,19.1689,0.0763,3.2834,8.9386,2.0859,6.2637,0,0,0,0,0,0,0,0,0,0,0,1.4539,3.3645,10.3597,0.1096,0.0078,0.0026,7.116,1.432,407.462,73.764,0.6609,15.44,0.95,0.2736,7.4832,0.3457,46.1535,3.7893,1.2879,0.956,0.082,0.0215,8.5751,251.134,0.7835,3.8,0.1593,1.7435,0.0602,1.5131,20.3322,535.0791,2.1879,8.15,0.3154,2.8597,0.0937,1.5231,14.4164,,,,,0.5008,0.0115,0.0035,2.2979,-0.0012,0.0252,0.0081,0,-1
Wafer-507,3055.87,2569.67,2235.0556,1302.6607,1.6347,100,109.9856,0.123,1.481,0.0191,-0.0029,0.9678,196.7289,0,11.1189,417.5475,9.9107,0.9787,186.8182,12.5031,1.4218,-5451.25,2785.75,-2297.25,306.75,1.2635,2.014,7.2885,68.2778,2.6222,0.2201,3.3046,85.3154,8.5135,50.3873,64.1605,49.6127,66.2242,86.6662,119.2382,78.79,3.194,70,350.5736,10.2824,130.3718,721.8424,1.467,144.1064,1,625.0518,213.0674,0,4.539,4.729,2873,0.9313,0.9598,4.5229,4.4364,350.5273,10.457,114.8082,9.8018,15.5636,21.5368,700.3056,1.0693,151.1327,1,616.4682,60.0684,,,0,-0.0098,-0.0449,0.0359,-0.0648,-0.0057,-0.0973,-0.0269,-0.0295,7.9311,0.1388,,2.4003,0.984,1757.5821,0.1605,8159.48,0.0971,-0.0014,0.0024,0,0,-0.0388,0,-0.0584,0.0335,0.0002,0,-0.013,-0.0105,-0.0004,0.0014,-0.0024,0.0964,0.0442,,,,0.4596,0.9378,0,700.279,0.9909,59.3288,0.5956,0.9655,6.391,15.95,4.361,16.04,15.99,1.314,2.588,0.6629,2.968,-0.6623,0.7101,0.9945,2.2689,1010.787,44.2527,136,184.8,127.1,52.7002,340.736,0.0928,0,5.95,0.0032,0.1057,0.0493,0.0534,0.0105,6.6424,0,5.268,9.431,0.4636,0.0053,6.2645,0.4,0.0713,,,610,324,8207,1138,0.118,0.139,0.305,1.2,1.7,0.215,0.513,0.8867,0.0417,0.3555,0.4481,0.3555,0.6013,0.204,0.135,0,0,20.79,0.233,18.63,17.227,0.1105,6.49,0,12.97,52.368,0,0,0,0,0,0,0.262,11.14,22.51,0.737,27.04,9.39,11.14,14.255,24.918,0.6194,11.07,0,18.94,99.237,0,0.0603,0.0522,0.0924,0.0229,0.0489,0.0541,0.0464,0.0558,3.4728,0.0027,,0.0933,0.0008,97.2151,0.0324,652.1997,0,0.0167,0.0078,0,0,0,0,0,0,0,0,0,0.0073,0.0041,0,0,0,0,,,,0.0138,0.0156,0,74.1287,0.0006,2.5585,0.0186,0.026,0.4652,0,0,0,0,0,0,0,0,0,0,0,0.0305,25.508,4.3424,35.619,64.9312,48.7697,17.5117,102.5782,0.0315,0,1.8399,0.001,0.0426,0.0155,0.0145,0.0033,1.9573,0,1.6586,2.682,0.1415,0.0017,1.8765,0.0969,0.0306,,,284.0849,134.9083,3820.5036,489.2725,0.0505,0.0623,0.1343,0.4438,0.5357,0.0747,0.1583,0.3188,0.0162,0.1379,0.1922,0.1379,0.2451,0.0781,0.0494,0,0,0,6.2098,0.0803,5.4389,5.5879,0.0401,1.7251,0,3.7552,17.7349,0,0,0,0,0,0,0.0924,2.7646,7.2543,0.1998,7.6279,11.652,2.7646,3.4399,8.0749,0.1805,3.2951,0,5.1274,34.2503,,,0,0.0168,0.0217,0.0409,0.0098,0.0124,0.025,0.0237,0.0269,1.1538,0.001,,0.0292,0.0003,34.5992,0.0089,265.3492,0,0.0046,0.0026,0.002,0.0013,0,0,0,0,0,0,0,0.0022,0.0015,0,0,0,0,,,,0.0045,0.0044,0,29.6983,0.0002,0.7476,0.0073,0.0088,0.1557,0,0,0,0,0,0,0,0,0,0,0,0.0102,10.7455,1.4988,5.7517,6.0474,4.9462,2.3579,26.1569,5.6797,0,5.4098,2.601,7.1373,258.1152,0,1.0858,3.3764,0,47.3788,2.2587,4.6775,0.5423,3.3533,3.1992,5.0149,11.1901,11.6306,357.2532,370.9861,9.3391,6.9017,4.1847,1.7575,64.8305,97.6779,15.524,1.0393,0.4896,0.7055,0.6984,0.7166,0.908,0.2354,0.1132,0,0,0,5.9303,2.266,14.2899,2.3865,7.5308,4.5036,0,2.075,24.5781,0,0,0,0,0,0,5.7928,251.1066,6.4218,7.0479,23.5523,95.7985,71.5771,66.1889,3.5582,57.9253,7.3247,0,3.0723,165.2068,0,616.092,116.3231,257.3816,35.3123,859.7802,55.6155,172.6512,189.1525,43.787,1.9452,,3.8882,0.0849,5.5312,20.1903,7.9932,0,0,323.3161,0,0,0,0,0,0,0,0,0,69.3587,911.1111,0,0,0,0,,,,2.9921,1.6632,0,10.5856,0.0653,4.3123,3.1282,2.6919,7.2791,0,0,0,0,0,0,0,0,0,0,0,1.3443,2.5236,9.8127,0.1096,0.0078,0.0026,7.116,1.7662,407.894,71.316,2.0195,18.47,1.47,0.7692,7.6336,0.5256,114.341,4.5281,2.0613,1.0234,0.7272,0.143,71.0573,251.298,0.7925,6.28,0.1658,2.5136,0.0766,2.499,20.9253,535.1218,1.9541,7.24,0.2395,2.4668,0.0753,1.353,12.2576,,,,,0.4967,0.011,0.0032,2.2162,-0.0012,0.0252,0.0081,0,-1
Wafer-508,2971.23,2626.13,2183.3444,1111.4499,1.5548,100,97.5311,0.1236,1.3906,0.0047,-0.0069,0.9579,195.4009,0,6.2743,404.5037,10.5609,0.9758,184.84,12.4998,1.4207,-6358.25,3059.25,-3579.75,1526.75,0.975,1.8878,5.0948,69.1667,2.2444,0.1646,4.6407,85.0066,9.6938,50.366,64.2263,49.634,66.5811,87.0735,118.0446,65.74,3.08,70,360.7727,9.9664,139.0545,741.8922,0.9293,139.2782,1,639.1055,127.6423,0,4.659,4.911,2848,0.928,0.9487,4.5337,2.1045,362.4809,10.223,121.1591,12.1355,17.8955,22.9633,718.9289,1.018,146.6364,1,630.2764,58.9567,,,0,-0.0111,-0.0238,-0.0164,-0.0954,0.0171,-0.0986,-0.0285,-0.0266,7.194,0.1307,,2.4326,0.9895,1832.3214,0.1844,8499.47,0.0375,0.0031,0.0049,0.0002,0,-0.2396,0,0.3401,0.0642,0.0002,0.0002,0.0134,-0.0123,-0.0009,-0.0031,-0.0049,0.0578,-0.0702,,,,0.4631,0.9471,0,759.8921,0.9909,57.5382,0.592,0.9648,6.4079,15.91,4.392,15.94,15.89,1.239,2.453,0.6586,2.91,-0.5204,0.7586,0.9981,2.2967,1003.0211,38.9026,124,97.5,58.9,60.8999,261.921,0.1386,0,4.76,0.0042,0.0924,0.0732,0.0349,0.019,11.1909,0,3.388,16.761,0.3905,0.0089,10.8479,0.17,0.0649,,,518,650,1349,22,0.131,0.083,0.289,2.9,0.6,0.068,0.07,0.827,0.0479,0.3178,0.5923,0.3178,0.8225,0.2097,0.31,0,0,24.86,0.793,12.33,36.687,0.1162,9.93,0,23.3,29.106,0,0,0,0,0,0,0.224,4.14,26.17,1.157,12.05,11.39,4.14,5.537,37.077,0.5363,15.4,0,27,71.202,0,0.1025,0.0646,0.0668,0.0286,0.0943,0.1032,0.0926,0.0298,2.676,0.0028,,0.093,0.0031,126.7039,0.0198,1272,0,0.0183,0.0157,0,0,0,0,0,0,0,0,0,0.0055,0.003,0,0,0,0,,,,0.0533,0.0198,0,139.9864,0.0008,2.354,0.0194,0.0255,0.624,0,0,0,0,0,0,0,0,0,0,0,0.0334,33.747,4.0302,30.9143,28.6663,18.1278,22.5256,74.2734,0.0461,0,1.4279,0.0012,0.0319,0.022,0.0101,0.0063,3.8275,0,1.0564,4.669,0.1129,0.0029,3.7549,0.0473,0.0253,,,216.3306,270.9691,572.4517,9.1059,0.0539,0.0366,0.1381,1.0524,0.1878,0.0267,0.0245,0.3004,0.019,0.1231,0.2241,0.1231,0.3067,0.0812,0.1262,0,0,0,7.4426,0.2793,3.3058,11.0923,0.0317,3.1016,0,7.2946,7.8292,0,0,0,0,0,0,0.0775,1.2451,8.8458,0.3698,3.1351,12.603,1.2451,1.7332,11.0029,0.1548,4.189,0,8.2615,25.9016,,,0,0.0308,0.0292,0.0274,0.0133,0.0303,0.0523,0.0483,0.0137,0.9893,0.0008,,0.0281,0.0008,52.7198,0.0062,434.293,0,0.0055,0.0045,0.0056,0.0035,0,0,0,0,0,0,0,0.002,0.0012,0,0,0,0,,,,0.015,0.0073,0,48.858,0.0002,0.7168,0.0065,0.0087,0.2102,0,0,0,0,0,0,0,0,0,0,0,0.012,13.4011,1.3131,5.6618,3.2815,2.2428,2.7893,23.5657,8.9121,0,4.8805,3.3968,6.6445,0,509.4891,1.9806,5.7272,0,53.9983,4.1436,3.698,0.9146,5.8688,1.36,4.5675,8.1469,21.247,37.6842,1.441,13.4359,4.3968,5.6725,4.1928,26.7327,41.3234,1.5084,0.9729,0.4941,0.631,0.9222,0.6403,1.2353,0.2408,0.2626,0,0,0,6.8908,7.9568,8.867,4.9451,12.5085,7.1296,0,3.6457,22.8028,0,0,0,0,0,0,4.9408,196.7171,7.2197,11.3176,9.9456,93.8569,23.1344,24.1126,5.1573,52.6789,10.5022,0,4.2838,120.7699,0,924.9859,270.8595,406.079,29.9869,550.456,104.6919,325.1975,112.1355,37.1976,2.1423,,3.8214,0.3164,6.9149,10.7611,14.9656,0,590.3226,319.1868,0,0,0,0,0,0,0,0,0,44.6247,347.8261,0,0,0,0,,,,11.5032,2.0934,0,18.4219,0.0806,4.0911,3.276,2.6429,9.7382,0,0,0,0,0,0,0,0,0,0,0,1.4539,3.3645,10.3597,0.1096,0.0078,0.0026,7.116,2.8654,407.594,81.28,3.2604,18.26,2.04,1.4168,8.576,0.9309,113.7882,4.48,2.5098,0.9297,0.1092,0.0248,11.7421,,,,,,,,,586.9145,2.1612,451.69,0.8108,138.3722,0.286,76.9601,37.5154,,,,,0.5008,0.0154,0.0046,3.0695,-0.0012,0.0252,0.0081,0,-1
Wafer-509,,2651.37,2180.7,1159.3838,1.0177,100,98.9367,0.1222,1.5301,-0.0063,0.0039,0.9631,198.8132,0,9.0689,407.2648,10.1332,0.9618,188.68,12.4896,1.3958,-5496.75,2515.5,-6060,9133,1.303,1.981,7.2097,66.8111,1.9556,0.1432,3.3708,84.2212,9.2047,50.1936,64.0841,49.8064,66.4854,87.0488,118.034,65.01,3.459,70,351.1927,10.0051,137.3291,729.3797,1.3861,138.3245,1,626.8464,192.3117,0,4.574,4.778,2834,0.9337,0.9572,4.5319,3.9818,349.2555,10.3211,121.3109,12.4728,16.0182,21.1459,708.2338,1.0984,143.8073,1,614.3736,53.1529,,,0,-0.0136,-0.0227,-0.0161,-0.0296,0.0122,-0.1023,-0.016,-0.0259,8.1456,0.1275,,2.4358,0.9721,1831.4591,0.2206,8251.1898,0.1923,0.0134,-0.0073,0.0006,-0.0002,-0.6587,0,1.2957,0.0456,0,0.0006,-0.2527,-0.0095,-0.0006,-0.0135,0.0074,0.2223,0.0384,,,,0.4683,0.954,0,714.664,0.9911,59.055,0.5945,0.9702,6.2257,15.82,4.248,15.84,15.93,1.295,2.499,0.6068,2.768,0.0473,0.7888,0.9987,2.2953,1003.4291,36.1632,94,,77.9,45.7,442.248,0.2324,0,8.7,0.0049,0.0687,0.0476,0.0371,0.0236,7.2259,0,5.279,11.985,0.4535,0.0187,6.9755,0.93,0.0383,,,862,587,9210,16416,0.125,0.09,0.236,2.3,1.5,0.088,0.438,0.6024,0.1348,0.4061,0.7844,0.4061,0.8855,0.2246,0.228,0,0,16.95,0.424,8.82,30.717,0.0724,5.35,0,20.95,38.902,0,0,0,0,0,0,0.407,9.49,16.54,0.246,16.25,19.85,9.49,10.861,38.019,0.1758,16.31,0,19.85,33.688,0,0.0533,0.0489,0.0457,0.0659,0.0676,0.0824,0.0781,0.0517,2.4444,0.0025,,0.0492,0.0081,92.3901,0.1642,753.2998,0,0.0272,0.0961,0,0,0,0,0,0,0,0,0,0.0043,0.0053,0,0,0,0,,,,0.0134,0.0532,0,87.1028,0.0009,2.8977,0.0302,0.0171,0.3514,0,0,0,0,0,0,0,0,0,0,0,0.0351,30.685,4.5177,25.7894,,23.6227,18.9786,125.7819,0.0708,0,2.5498,0.0015,0.0212,0.0128,0.0124,0.0079,2.7682,0,1.7829,3.5576,0.1287,0.0062,2.7126,0.1923,0.0142,,,403.4,266.3988,4549.6834,8762.4533,0.0655,0.0416,0.1078,0.7219,0.4503,0.0324,0.1413,0.2567,0.0537,0.1636,0.2967,0.1636,0.3398,0.0857,0.0902,0,0,0,5.7653,0.1522,2.3066,9.0456,0.025,1.6299,0,6.2434,13.5032,0,0,0,0,0,0,0.1012,3.1327,5.2121,0.0857,4.3609,10.0485,3.1327,3.7618,11.8175,0.0521,3.976,0,6.8204,9.7978,,,0,0.0158,0.0231,0.02,0.0279,0.0184,0.0437,0.0417,0.0253,0.8216,0.0007,,0.0155,0.0027,32.5884,0.0536,251.8561,0,0.008,0.0225,0.009,0.0177,0,0,0,0,0,0,0,0.0013,0.0018,0,0,0,0,,,,0.004,0.0138,0,27.1711,0.0003,0.7646,0.0091,0.0064,0.1164,0,0,0,0,0,0,0,0,0,0,0,0.0127,12.0982,1.4991,4.2656,,2.9381,2.0957,38.1451,22.8359,0,8.7935,4.0107,4.4898,760.0798,957.4194,2.4482,3.6345,0,58.2099,2.9428,4.4754,1.942,3.697,7.4462,2.7425,15.682,23.3353,151.9802,179.7438,9.5932,4.5432,3.2733,3.4425,76.7045,61.443,12.994,0.7153,1.4641,0.8091,1.224,0.8154,1.3319,0.258,0.1932,0,0,0,4.8264,4.2378,6.4225,4.2114,5.2209,3.8677,0,3.3421,20.2286,0,0,0,0,0,0,8.9807,238.3333,4.7358,2.3835,13.3953,159.147,59.2452,51.3621,5.3681,16.0026,11.3416,0,3.2309,63.3794,0,393.1766,214.9451,283.4109,222.8233,554.0984,80.5277,486.6044,199.6139,30.0086,1.9604,,2.0183,0.8363,5.0446,74.4348,9.1296,0,202.7959,0,0,0,0,0,0,0,0,0,0,45.5026,865.3061,0,0,0,0,,,,2.859,5.5765,0,12.1879,0.0866,4.9067,5.0843,1.7589,5.6452,0,0,0,0,0,0,0,0,0,0,0,1.5307,3.058,12.4925,0.1096,0.0078,0.0026,7.116,3.9786,405.26,77.11,4.2729,16.36,0.48,1.7823,6.6278,0.2004,107.3961,4.0369,0.6225,1.2606,0.1927,0.0369,15.2895,,,,,,,,,533,2.395,8.42,0.4246,3.1736,0.1222,1.5797,17.7272,,,,,0.5058,0.0104,0.0029,2.0538,-0.0012,0.0252,0.0081,0,-1
Wafer-510,3028.53,2480.42,2220.4778,1531.698,1.7751,100,107.6856,0.1249,1.5495,-0.018,-0.0218,0.8775,272.0451,0,9.0989,405.6441,102.8677,0.9768,169.1774,12.5451,1.4184,-6335.25,3059.25,-4287,1518.5,0.973,1.8898,5.1245,69.9333,2.5333,0.1937,4.6674,85.5033,8.5297,50.3068,63.9571,49.6932,66.2891,86.8269,118.4226,79.31,2.907,70,358.2727,9.7215,140.3355,737.5687,0.8869,132.3609,1,630.9691,112.6605,0,4.591,4.848,2859,0.9257,0.9468,4.5024,2.8182,354.9909,10.2255,123.1536,8.3951,17.1818,22.6844,714.8843,0.9786,145.4964,1,623.6409,65.0332,,,0,-0.0047,-0.0548,0.0174,-0.0353,0.0095,-0.1119,-0.0219,0.0239,7.8421,0.1352,,2.4363,0.9913,1889.6273,0.2038,8630.2701,-0.0046,0.0001,0.0035,0,0,0.0123,0,0.0696,0.0288,-0.0001,0,-0.0316,-0.0098,-0.0004,-0.0001,-0.0035,0.026,0.0615,,,,0.4709,0.9332,0,751.9014,0.9904,59.3086,0.5991,0.974,6.2029,15.87,4.563,15.96,15.91,1.541,2.51,0.6567,2.89,0,0.7717,0.9946,2.2965,1001.3796,36.7896,195,99.1,84.5,45.3999,380.0431,0.9433,0,6.98,0.0067,0.0637,0.0789,0.0632,0.9783,742.9421,0,5.122,13.132,924.378,0.0364,191.5478,0.27,0.0715,,,421,504,1507,79,0.079,0.071,0.107,3,1,0.085,0.131,0.7457,0.0619,0.3263,0.5281,0.3263,0.7993,0.2522,0.229,0,0,24.28,0.688,13,38.305,0.1078,11.29,0,22.25,16.251,0,0,0,0,0,0,0.273,3.22,20.01,0.507,11.15,15.8,3.22,4.772,34.614,0.4562,9.35,0,21.01,111.86,0,0.0887,0.0482,0.0863,0.0638,0.0999,0.0708,0.0713,0.1579,1.6448,0.0026,,0.042,0.0006,78.6566,0.1391,623.5,0,0.0134,0.0151,0,0,0,0,0,0,0,0,0,0.0052,0.0062,0,0,0,0,,,,0.0482,0.0045,0,62.0776,0.0008,2.8385,0.0239,0.0161,0.4342,0,0,0,0,0,0,0,0,0,0,0,0.039,31.776,3.6498,34.2274,32.6337,27.0966,14.6265,134.0559,0.2733,0,2.2908,0.0017,0.0197,0.0208,0.0163,0.3083,232.8049,0,1.5244,4.2142,292.2274,0.0108,59.5187,0.0798,0.0286,,,178.8284,232.8939,666.9708,37.8638,0.0359,0.0343,0.0579,0.9708,0.324,0.0277,0.0368,0.3089,0.0253,0.1314,0.2096,0.1314,0.3254,0.0898,0.0924,0,0,0,6.7766,0.2223,3.201,11.3105,0.03,3.328,0,6.6095,5.7343,0,0,0,0,0,0,0.0856,1.1612,6.5395,0.1441,2.9941,10.2333,1.1612,1.611,10.2537,0.135,3.0505,0,6.2207,34.9991,,,0,0.0244,0.0237,0.04,0.0304,0.0247,0.0313,0.0346,0.0864,0.6612,0.0008,,0.0125,0.0002,25.3616,0.0416,242.2145,0,0.0032,0.004,0.0026,0.0021,0,0,0,0,0,0,0,0.002,0.0021,0,0,0,0,,,,0.012,0.0014,0,23.0755,0.0003,0.912,0.009,0.0054,0.1449,0,0,0,0,0,0,0,0,0,0,0,0.0119,12.0637,1.1609,8.6175,3.2722,3.4067,2.0446,24.8119,53.1435,0,6.4818,5.366,4.111,438.9837,290.2633,111.4956,273.0952,0,56.2925,3.2373,898.6085,3.7272,113.223,2.1522,5.0408,6.6454,16.4746,35.1528,5.2025,8.1192,3.7571,2.088,4.2898,39.4737,43.8898,2.8067,0.8721,0.7262,0.6486,0.8257,0.6566,1.2058,0.2905,0.1934,0,0,0,6.777,7.0771,9.2635,5.1934,12.1496,8.5297,0,3.5263,14.4248,0,0,0,0,0,0,6.0634,114.2581,5.6368,4.9582,9.0537,188.2053,18.7407,21.0365,4.8419,46.6174,6.4263,0,3.3689,172.0045,0,0,87.9562,497.4063,180.8646,0,63.2566,325.1995,660.6695,20.9743,1.9226,,1.7242,0.0566,4.1625,68.2605,7.2246,0,0,429.1297,0,0,0,0,0,0,0,0,0,53.265,0,0,0,0,0,,,,10.241,0.4782,0,8.2561,0.0786,4.7861,3.9914,1.6562,7.0006,0,0,0,0,0,0,0,0,0,0,0,1.6967,3.1732,9.9207,0.1096,0.0078,0.0026,7.116,0.9072,405.032,79.882,0.7132,16.71,1.15,0.2683,6.9209,0.5138,78.6194,4.1256,1.4396,0.9717,0.2031,0.0455,20.9022,,,,,,,,,533.3336,2.0324,8.09,0.4433,2.9186,0.1346,1.5169,21.8124,,,,,0.5011,0.0153,0.0039,3.0578,-0.0012,0.0252,0.0081,0,-1
Wafer-511,3072.67,2487.08,2202.2889,1518.2905,0.9257,100,94.8922,0.1213,1.5657,-0.0079,0.0028,0.9531,197.2015,0,6.9304,407.5162,9.8532,0.9629,187.3482,12.6006,1.4213,-6170.75,2627.25,-4105.75,-506.3333,1.2985,2.0165,7.3025,67.9667,2.4,0.2057,3.3099,85.1059,8.5987,50.5025,64.3081,49.4975,66.236,86.7807,119.1156,79.98,3.312,70,356.5018,10.0578,139.3227,741.1233,1.3648,144.2318,1,640.0564,212.5809,0,4.612,4.866,2853,0.9248,0.9479,4.5484,-0.1209,357.7218,10.268,119.2018,14.9973,20.1209,28.8518,712.2715,1.0146,148.1355,1,625.0591,68.6079,160.0405,465.0186,0,-0.0123,0.0016,-0.0044,-0.1068,0.0113,-0.0067,-0.0333,-0.0428,6.8014,0.1298,,2.4021,0.9888,1777.7633,0.2033,9395.9002,-0.0717,0.0026,0.0035,-0.0001,0,0.0881,0,-0.1561,0.0177,0,-0.0001,-0.0119,-0.0076,-0.0002,-0.0025,-0.0035,-0.0221,-0.1172,,,,0.4101,0.9339,0,808.1438,0.9903,58.3444,0.5905,0.9769,6.2973,15.84,4.809,15.9,15.9,1.163,2.708,0.7242,3.025,-0.1419,0.6764,0.9964,2.3044,997.8064,36.287,308,97.3,77.4,65.5,444.087,0.1199,0,4.24,0.0047,0.1011,0.043,0.0372,0.0176,2.5564,0,4.887,14.298,0.275,0.0124,2.3086,0.62,0.0823,,,2403,819,1726,1649,0.077,0.109,0.144,1.9,1.2,0.222,0.43,0.7495,0.1266,0.406,0.7112,0.406,0.6115,0.3487,0.105,0,0,19.07,0.556,13.45,37.951,0.1545,8.55,0,20.85,52.773,0,0,0,0,0,0,0.243,6.52,22.77,1.084,12.84,21.52,6.52,6.485,36.31,0.3543,15.53,0,21.52,92.129,0,0.0789,0.0526,0.0332,0.071,0.056,0.0964,0.1158,0.0518,5.3456,0.0017,,0.082,0.0024,181.1365,0.1365,638.5,0,0.0158,0.0206,0,0,0,0,0,0,0,0,0,0.0051,0.0047,0,0,0,0,,,,0.127,0.0208,0,41.5453,0.0008,3.1192,0.0439,0.0036,0.5795,0,0,0,0,0,0,0,0,0,0,0,0.0384,31.204,5.1375,53.7425,34.6422,25.0312,22.5716,180.5049,0.0445,0,1.61,0.0013,0.0419,0.0118,0.0111,0.0058,0.8191,0,1.315,3.8398,0.0984,0.0042,0.7352,0.1013,0.0282,,,1075.0356,374.4973,818.4071,829.7556,0.0334,0.0485,0.0705,0.6042,0.4093,0.072,0.1617,0.2959,0.0469,0.1647,0.2593,0.1647,0.249,0.1246,0.0477,0,0,0,6.3084,0.1727,3.6168,11.3247,0.0437,2.6844,0,6.62,12.9587,0,0,0,0,0,0,0.0769,2.0679,6.5448,0.2997,3.9327,11.0934,2.0679,2.0628,11.0929,0.1056,4.5757,0,6.5489,33.3054,7.2415,6.8064,0,0.0231,0.0223,0.015,0.0314,0.0157,0.0511,0.0546,0.0245,1.8718,0.0007,,0.0258,0.0007,60.1274,0.042,233.3025,0,0.0046,0.0054,0.0035,0.0029,0,0,0,0,0,0,0,0.0016,0.0017,0,0,0,0,,,,0.031,0.0067,0,15.1046,0.0002,1.0812,0.0142,0.0013,0.1836,0,0,0,0,0,0,0,0,0,0,0,0.0119,10.9722,1.4918,13.8933,3.1666,3.1121,2.9742,29.2491,12.9561,0,4.4682,3.8759,6.4573,542.5868,0,1.8438,1.2964,0,70.5158,3.5086,2.7908,1.2873,1.2322,4.9204,5.7892,38.9418,31.1733,42.0386,325.6748,5.9299,5.4054,1.9719,2.7955,50,107.9417,12.9914,0.8807,1.4724,0.8039,1.1059,0.8202,0.9232,0.4018,0.0881,0,0,0,5.3492,5.528,9.6538,5.1207,11.3171,5.928,0,3.2575,24.8249,0,0,0,0,0,0,5.3425,0,6.3653,10.5571,10.7716,143.4923,32.4041,22.4768,5.0978,34.918,10.4836,0,3.4429,134.2833,0,641.7895,0,750.2825,66.4638,494.2085,0,347.4869,121.028,78.5955,1.3095,,3.4156,0.2455,10.189,67.1668,6.7955,0,616.5854,588.5714,0,0,0,0,0,0,0,0,0,67.3267,0,0,0,0,0,,,,30.9612,2.2261,0,5.1408,0.0781,5.3462,7.4409,0.3652,9.202,0,0,0,0,0,0,0,0,0,0,0,1.6684,3.1273,14.158,0.1096,0.0078,0.0026,7.116,,,,,,,,,,,,,0.9552,0.2197,0.0392,23.0054,,,,,,,,,533.2618,2.2691,10.56,0.3699,3.7221,0.0953,1.9803,16.3015,,,,,0.4954,0.0136,0.0038,2.7385,-0.0012,0.0252,0.0081,0,-1
Wafer-512,3048.78,2442.47,2183.3444,1111.4499,1.5548,100,97.5311,0.1236,1.4511,-0.0018,0.0013,0.9669,197.7106,0,5.1446,406.0384,10.7758,0.9762,186.9348,12.4784,1.4131,-5372.25,2488,-29.25,-1006.75,1.2552,2.0088,7.2693,68.2222,2.5111,0.1928,3.5158,84.8892,8.7418,50.2052,63.9238,49.7948,66.3572,86.5759,118.7802,78.11,2.508,70,355.0564,9.9883,137.9191,733.9755,0.9166,137.5573,1,630.5327,107.8699,0,4.614,4.849,2843,0.9293,0.9516,4.5537,1.1782,355.2264,10.3852,119.0973,7.674,18.8218,20.0249,713.9505,1.5175,152.1927,1,626.5164,224.9449,161.0967,465.4196,0,0.0015,0.0189,0.0136,-0.0108,-0.0074,-0.013,-0.0108,0.0045,7.7961,0.1307,,2.4326,0.9866,1816.2699,0.1912,8332.2201,0.0127,0.0212,0.0003,0.0001,0.0001,-0.2062,0,0.0284,0.0353,0.0006,0,-0.0426,-0.0068,-0.0005,-0.0213,-0.0002,0.1657,0.0936,,,,0.4552,0.9321,0,716.2204,0.9908,59.8217,0.5959,0.9682,6.3117,15.84,4.809,15.9,15.9,1.163,2.708,0.7242,3.025,-0.1419,0.6764,0.9964,2.3044,997.8064,36.287,113,142.4,158.9,60.8999,261.921,0.1386,0,4.76,0.0042,0.1203,0.0515,0.0509,0.0138,6.9555,0,4,12.181,0.6597,0.009,6.6501,0.22,0.048,,,994,272,18587,1894,0.146,0.11,0.239,3.9,1.2,0.137,0.516,0.7804,0.0723,0.2949,0.5351,0.2949,0.6215,0.2064,0.939,0,0,23.42,0.624,11.83,34.743,0.1281,9.52,0,25.43,18.497,0,0,0,0,0,0,0.237,3.95,19.89,0.519,12.66,9.29,3.95,5.501,34.697,0.1694,9.79,0,21.63,71.952,0,0.0777,0.0527,0.0501,0.0403,0.0518,0.0824,0.0626,0.0939,3.6731,0.0028,,0.093,0.0016,63.1437,0.0451,487.5,0,0.0193,0.0177,0,0,0,0,0,0,0,0,0,0.0062,0.0046,0,0,0,0,,,,0.024,0.0369,0,60.66,0.0007,2.2874,0.0349,0.012,0.4919,0,0,0,0,0,0,0,0,0,0,0,0.0384,31.204,5.1375,31.1114,47.7717,45.0697,22.5256,74.2734,0.0461,0,1.4279,0.0012,0.0464,0.0155,0.013,0.0045,2.6438,0,1.2117,3.8688,0.1915,0.0028,2.489,0.0625,0.0148,,,463.6639,125.2863,8423.2431,880.556,0.0639,0.0479,0.1003,1.2245,0.4343,0.0445,0.1907,0.2832,0.0307,0.1146,0.1955,0.1146,0.2231,0.0885,0.4092,0,0,0,7.2599,0.2346,3.0414,10.6227,0.037,2.9032,0,7.8921,6.5708,0,0,0,0,0,0,0.0804,1.4121,6.0913,0.135,3.7074,10.9927,1.4121,1.5349,11.0839,0.0523,2.7757,0,7.1058,19.3118,6.06,1.3597,0,0.0228,0.024,0.0209,0.0186,0.0136,0.046,0.0354,0.0504,1.4125,0.0008,,0.0281,0.0005,19.147,0.0127,177.2933,0,0.0063,0.0042,0.0029,0.0028,0,0,0,0,0,0,0,0.0022,0.0015,0,0,0,0,,,,0.0064,0.0105,0,21.6999,0.0002,0.808,0.0105,0.0042,0.1573,0,0,0,0,0,0,0,0,0,0,0,0.0119,10.9722,1.4918,5.1518,4.6707,6.5057,2.7893,23.5657,8.9121,0,4.8805,3.3968,8.2902,0,0,1.4277,3.518,0,77.7509,3,6.1217,0.9178,3.5574,1.7631,3.3989,18.5025,10.9325,0,188.1301,11.6311,5.476,3.2878,5.7166,47.7876,71.0663,14.6767,0.9193,0.8275,0.5874,0.8371,0.5922,0.9366,0.2384,0.7905,0,0,0,6.5961,6.2473,8.5775,4.7335,13.9715,6.9208,0,4.0331,17.1475,0,0,0,0,0,0,5.2045,335.2623,5.5993,4.9975,10.63,121.0589,20.9863,27.4707,4.8599,11.1658,6.4326,0,3.4524,31.9865,0,0,278.836,367.7064,373.1481,697.6431,635.0674,580.9745,0,47.1151,2.1423,,3.8214,0.1619,3.4766,23.5692,5.8508,0,90.877,0,0,0,0,0,0,0,0,0,0,90.5109,968.4211,0,0,0,0,,,,5.2755,3.9581,0,8.4695,0.0698,3.8237,5.8558,1.235,7.7932,0,0,0,0,0,0,0,0,0,0,0,1.6684,3.1273,14.158,0.1096,0.0078,0.0026,7.116,,,,,,,,,,,,,1.0407,0.4877,0.1407,46.866,,,,,,,,,532.7309,1.8891,8.4,0.1958,3.0002,0.0584,1.5768,10.3628,,,,,0.4962,0.0343,0.0072,6.9045,-0.0012,0.0252,0.0081,0,-1
Wafer-513,2962.79,2560.69,2155.6333,1070.0439,0.8024,100,101.4333,0.1241,1.5391,0.0086,-0.0063,0.9524,200.4115,0,10.563,417.6844,10.5185,0.9707,189.893,12.481,1.3851,-5472.75,2687.75,-2630.3333,6579.5,1.3197,1.9878,7.3215,67.1222,1.5667,0.1237,3.379,84.2212,9.2047,50.1936,64.0841,49.8064,66.4854,87.0488,118.034,65.01,3.459,70,348.3455,10.0504,150.0509,743.6734,1.3175,135.1409,1,633.5373,212.7201,0,4.589,4.883,2833,0.9324,0.9398,4.5122,0.1664,348.9245,10.032,130.2173,11.2309,19.8336,26.1038,717.5695,1.1113,143.1645,1,622.3064,115.7602,,,0,0.005,-0.0331,0.0379,-0.0239,0.0103,-0.083,-0.0379,-0.0182,8.5646,0.1402,,2.4206,0.9671,1894.9172,0.1947,9037.95,0.0106,0.0139,0.0064,-0.0001,0,0.0685,0,-0.1081,0.0242,0,-0.0001,-0.0504,-0.0117,-0.0003,-0.014,-0.0063,0.373,0.3504,,,,0.4623,0.9755,0,754.7281,0.9908,58.7145,0.6018,0.968,6.3517,15.91,4.392,15.94,15.89,1.239,2.453,0.6586,2.91,-0.5204,0.7586,0.9981,2.2967,1003.0211,38.9026,79,49.8,71.5,55.2,330.043,0.1043,0,7.38,0.0033,0.1253,0.072,0.0518,0.0272,7.466,0,5.409,7.868,0.312,0.0114,7.4446,0.53,0.0402,,,1400,454,3382,5827,0.167,0.16,0.28,3.9,1.8,0.116,0.375,0.6024,0.1348,0.4061,0.7844,0.4061,0.8855,0.2246,0.228,0,0,20.66,0.568,7.56,30.68,0.1044,5.81,0,19.39,41.357,0,0,0,0,0,0,0.275,8.96,21.83,0.802,11.4,21.31,8.96,10.555,38.565,0.1834,12.37,0,21.31,52.197,0,0.1003,0.0586,0.0868,0.0529,0.1142,0.0534,0.0604,0.0565,3.8866,0.0039,,0.0429,0.0116,126.0663,0.028,1475.7998,0,0.0404,0.0307,0,0,0,0,0,0,0,0,0,0.0049,0.0069,0,0,0,0,,,,0.0148,0.0061,0,159.1943,0.0007,2.09,0.0211,0.0218,0.4242,0,0,0,0,0,0,0,0,0,0,0,0.0334,33.747,4.0302,22.2733,19.2794,25.6107,20.3445,116.5224,0.0379,0,2.2388,0.001,0.0534,0.0189,0.013,0.0091,2.856,0,1.6204,1.9642,0.0942,0.0038,2.8238,0.1694,0.0164,,,576.4879,200.3536,1712.8171,2686.759,0.0775,0.0681,0.1244,1.0474,0.5895,0.0408,0.1242,0.2567,0.0537,0.1636,0.2967,0.1636,0.3398,0.0857,0.0902,0,0,0,6.833,0.1616,2.0332,8.7934,0.027,2.0045,0,5.7815,12.3061,0,0,0,0,0,0,0.0932,3.0051,5.9931,0.2178,3.6849,9.6861,3.0051,3.6278,11.5106,0.0519,3.3012,0,6.776,18.8052,,,0,0.0352,0.0277,0.041,0.0236,0.0323,0.0246,0.0291,0.0241,1.2881,0.0011,,0.0142,0.0037,39.0002,0.0091,428.287,0,0.0123,0.0106,0.0024,0.0025,0,0,0,0,0,0,0,0.0019,0.0024,0,0,0,0,,,,0.0044,0.0019,0,46.2066,0.0003,0.5436,0.0071,0.0073,0.1431,0,0,0,0,0,0,0,0,0,0,0,0.012,13.4011,1.3131,3.5619,1.6808,2.7922,2.5607,30.8439,13.004,0,7.2757,2.6581,8.1409,837.8182,827.1457,2.8592,3.7253,0,51.207,1.8837,2.9659,1.174,3.9204,4.2464,2.9008,25.5813,16.8915,128.5769,88.563,12.6539,8.0493,3.8244,5.8103,114.8936,93.8005,11.098,0.7153,1.4641,0.8091,1.224,0.8154,1.3319,0.258,0.1932,0,0,0,5.9309,5.6515,5.0383,4.1255,7.9259,4.2992,0,3.0606,19.442,0,0,0,0,0,0,6.0946,0,6.2564,7.9944,8.7546,189.7438,45.1757,40.4347,5.3744,16.5023,8.6404,0,3.4244,45.0906,0,0,176.9057,228.722,221.8029,0,64.2986,159.5773,310.0137,45.3798,2.7824,,1.7738,1.2042,6.6529,14.403,16.3289,0,291.3024,481.5686,0,0,0,0,0,0,0,0,0,41.9251,0,0,0,0,0,,,,3.1987,0.6228,0,21.0929,0.0694,3.5596,3.5109,2.2526,6.6787,0,0,0,0,0,0,0,0,0,0,0,1.4539,3.3645,10.3597,0.1096,0.0078,0.0026,7.116,,,,,,,,,,,,,0.9682,0.1423,0.0387,14.7029,,,,,,,,,532.7427,2.3382,9.13,0.2724,3.2479,0.0738,1.7138,11.6508,0.0451,0.0087,0.0033,19.3621,0.5056,0.0184,0.004,3.6355,0.0451,0.0087,0.0033,19.3621,-1
Wafer-514,3085.35,2503.86,2201.8222,1288.0857,1.6769,100,95.9789,0.1209,1.5166,-0.0088,0.0049,0.9773,203.8928,0,10.2454,413.8704,10.1975,0.9737,193.6953,12.4655,1.3577,-5677.75,2726.5,-5388.5,-6575.5,1.295,2.0012,7.2908,67.1778,2.1889,0.1814,3.2893,85.3825,9.7324,50.3716,64.2442,49.6284,66.6973,87.1381,118.0668,16.64,6.215,70,350.9327,10.3217,122.54,710.7553,1.443,146.0818,1,619.5546,163.5238,0,4.613,4.83,2822,0.9361,0.955,4.5539,4.92,347.9455,10.6823,107.46,15.0528,15.08,22.7427,688.0126,0.8304,149.0964,1,604.5018,62.1682,,,0,-0.0086,-0.0462,-0.0175,-0.0194,0.0036,-0.0923,-0.015,0.0123,6.9046,0.1293,,2.4174,0.9886,1743.2584,0.1905,9794.51,-0.1054,0.0007,0.0033,0.0001,0.0001,-0.1982,0,0.2995,0.0205,0.0001,0.0001,0.0409,-0.0111,-0.0003,-0.0007,-0.0033,-0.0132,0.1361,,,,0.4585,0.9182,0,824.3834,0.991,58.5577,0.5888,0.9667,6.3472,15.87,4.563,15.96,15.91,1.541,2.51,0.6567,2.89,0,0.7717,0.9946,2.2965,1001.3796,36.7896,105,167.2,195.6,59.2,532.019,0.2062,0,8.3,0.0046,0.0954,0.0435,0.0443,0.0091,8.9259,0,5.072,8.612,0.4943,0.0075,8.4505,0.27,0.0744,,,390,570,12582,12268,0.179,0.061,0.193,2.5,0.6,0.101,0.49,0.7473,0.0743,0.3412,0.6345,0.3412,0.9513,0.2813,0.138,0,0,17.02,0.338,6.85,28.727,0.1235,4.47,0,16.46,48.753,0,0,0,0,0,0,0.273,4.29,18.02,0.299,8.23,16.99,4.29,6.187,30.639,0.3652,11.57,0,16.99,63.483,0,0.0698,0.0464,0.044,0.0992,0.0684,0.0847,0.0834,0.0611,6.8452,0.0023,,0.0481,0.0025,125.3848,0.0349,1740.5,0,0.017,0.0175,0,0,0,0,0,0,0,0,0,0.004,0.0044,0,0,0,0,,,,0.0272,0.0326,0,161.6724,0.0008,1.7915,0.0232,0.0216,0.5809,0,0,0,0,0,0,0,0,0,0,0,0.039,31.776,3.6498,29.8946,58.0294,67.4597,20.4963,153.1415,0.0758,0,2.5903,0.0014,0.037,0.0127,0.0143,0.0032,3.1419,0,1.6612,2.5392,0.1455,0.0025,3.0531,0.0655,0.0295,,,187.4235,302.9923,5530.6661,6191.0512,0.0827,0.0277,0.0804,0.7155,0.2571,0.0373,0.151,0.302,0.0324,0.1417,0.2364,0.1417,0.3534,0.1126,0.0658,0,0,0,5.4468,0.1145,1.9058,8.4626,0.0402,1.4256,0,4.9197,14.5716,0,0,0,0,0,0,0.0921,1.3393,5.8244,0.0932,2.4617,8.6285,1.3393,1.957,9.451,0.0891,3.2037,0,5.1815,19.9158,,,0,0.019,0.0203,0.019,0.0472,0.0209,0.0382,0.0453,0.0302,2.0234,0.0006,,0.0135,0.0007,43.521,0.0114,501.7087,0,0.0037,0.0058,0.0036,0.0037,0,0,0,0,0,0,0,0.0012,0.0016,0,0,0,0,,,,0.0076,0.0085,0,44.3811,0.0003,0.5324,0.009,0.0075,0.1906,0,0,0,0,0,0,0,0,0,0,0,0.0119,12.0637,1.1609,4.7101,5.4192,7.8119,2.6887,41.3031,12.2969,0,8.6477,3.8045,6.2905,493.617,912.2265,0.9322,4.3777,0,49.5053,2.0808,4.8471,0.7664,4.3628,2.166,5.4829,6.8689,20.9059,233.4973,186.5714,13.8224,3.0481,2.6472,3.7215,27.4112,55.6644,14.8966,0.8752,0.7634,0.6774,0.9876,0.6875,1.4263,0.3228,0.1169,0,0,0,4.8499,3.2746,5.59,4.0418,8.5575,3.0599,0,2.6567,29.814,0,0,0,0,0,0,5.9949,87.1951,5.179,2.799,7.6587,112.8696,28.4483,27.2044,4.4533,43.9712,7.7601,0,2.8106,102.1149,0,810.4499,100.3243,251.4286,510.6821,0,91.766,554.1528,498.7755,99.1398,1.7787,,1.9901,0.2523,7.1926,18.3002,17.7702,0,0,523.3645,0,0,0,0,0,0,0,0,0,35.9955,0,0,0,0,0,,,,5.9227,3.5516,0,19.6113,0.0806,3.0594,3.9391,2.23,9.1516,0,0,0,0,0,0,0,0,0,0,0,1.6967,3.1732,9.9207,0.1096,0.0078,0.0026,7.116,2.1764,408.772,73.792,2.7105,8.29,1.24,1.1553,4.2508,0.5069,124.5407,2.028,1.6804,0.9692,0.246,0.0488,25.3822,249.292,0.7487,7.56,0.187,3.1112,0.0843,3.0326,24.9737,512.4609,1.5211,426.85,1.0685,134.1202,0.3337,83.2942,70.2474,0.0492,0.0182,0.0058,36.998,0.4999,0.0133,0.0032,2.6682,0.0492,0.0182,0.0058,36.998,-1
Wafer-515,3037.82,2436.39,2167.2,1108.9456,1.4869,100,94.26,0.1249,1.5308,0.0055,-0.0062,0.9546,200.4794,0,7.8402,409.8728,10.6887,0.9747,189.7908,12.4706,1.4048,-6424.75,3144.25,-5695.25,1417.25,0.971,1.89,5.1098,67.7444,2.8333,0.2016,4.6396,85.5983,8.5232,50.4559,64.0577,49.5441,66.2289,86.6814,118.5342,78.95,2.607,70,351.8482,10.227,141.2418,743.7398,1.297,148.5691,1,641.6591,200.1255,0,4.624,4.858,2888,0.9329,0.9516,4.5834,-1.3227,353.8073,10.4624,119.9191,17.2327,21.3227,29.827,713.9128,0.9656,150.7,1,624.4264,61.8409,,,0,-0.0035,-0.0169,0.0095,-0.0164,0.0103,-0.112,-0.0204,0.0399,7.4125,0.1332,,2.3635,0.9906,1820.0463,0.157,9580.61,-0.0575,-0.0037,0.0026,0,0.0001,-0.0709,0,-0.0965,-0.0149,0.0004,0,0.0658,-0.0073,0.0002,0.0038,-0.0026,-0.09,-0.1445,,,,0.4669,0.9434,0,814.5702,0.9905,58.8705,0.6065,0.9639,6.452,15.93,4.585,15.98,15.95,1.376,2.461,0.6903,2.92,-1.655,0.7591,0.9967,2.2937,1005.3318,42.9293,93,72.7,103.7,68.1001,1245.613,0.148,0,12.33,0.0046,0.2225,0.0585,0.044,0.0232,8.032,0,4.694,10.868,0.4896,0.0116,7.6485,0.21,0.0564,,,759,660,19941,176,0.091,0.083,0.08,3.1,0.7,0.067,0.143,0.8849,0.0676,0.3177,0.5148,0.3177,0.7387,0.1568,0.385,0,0,15.77,0.214,7.45,23.654,0.1044,4.7,0,15.4,45.56,0,0,0,0,0,0,0.19,6.51,20.45,0.175,6.3,24.95,6.51,6.995,27.761,0.6839,17.68,0,24.95,91.825,0,0.0663,0.028,0.0534,0.0362,0.0341,0.0961,0.0711,0.0962,3.0988,0.0028,,0.0283,0.0009,84.3625,0.0399,721.6006,0,0.0225,0.0171,0,0,0,0,0,0,0,0,0,0.0034,0.0037,0,0,0,0,,,,0.0406,0.0216,0,78.3502,0.001,3.8859,0.0263,0.0251,0.5974,0,0,0,0,0,0,0,0,0,0,0,0.0215,25.494,4.0608,25.045,26.0418,35.1585,23.4755,401.8832,0.0598,0,4.4515,0.0014,0.0716,0.0174,0.0124,0.0077,2.6556,0,1.3794,3.7927,0.1412,0.0038,2.5647,0.0585,0.0181,,,320.2555,282.9292,8500.4822,74.1861,0.0397,0.035,0.0401,0.9139,0.2646,0.0225,0.0499,0.362,0.0262,0.1223,0.1938,0.1223,0.3011,0.0617,0.1405,0,0,0,5.7706,0.0671,2.6153,6.9408,0.0339,1.5966,0,4.5133,13.6134,0,0,0,0,0,0,0.0623,2.2183,6.2136,0.0654,1.8381,8.9243,2.2183,2.2432,8.5279,0.2281,4.1575,0,7.0253,34.8273,,,0,0.0172,0.0122,0.0307,0.0166,0.0104,0.0499,0.0347,0.0462,0.9077,0.0009,,0.0116,0.0002,26.3608,0.0158,214.3652,0,0.0059,0.006,0.0041,0.0034,0,0,0,0,0,0,0,0.0011,0.0013,0,0,0,0,,,,0.013,0.006,0,23.2428,0.0003,1.1838,0.0088,0.0091,0.1983,0,0,0,0,0,0,0,0,0,0,0,0.0066,9.1571,1.2545,4.1278,2.3932,4.2563,3.1423,112.3241,9.9562,0,13.0808,3.6815,14.5344,0,713.2725,2.4327,4.0064,0,59.8711,2.6516,4.5804,1.1935,4.0299,1.684,4.0133,11.8137,20.9907,350.1339,12.4184,9.3718,4.3915,1.5656,4.576,24.7059,33.2415,3.0822,1.0338,0.7934,0.6297,0.8036,0.6412,1.1154,0.1809,0.3248,0,0,0,4.482,2.0925,5.2746,3.1804,8.0509,3.1635,0,2.4,22.7657,0,0,0,0,0,0,4.1453,492.1649,5.78,1.6727,5.2535,144.7825,30.5308,23.4518,3.8886,70.829,11.7319,0,3.9957,148.4859,0,0,165.6805,560.6299,221.4067,331.9273,85.8036,348.5294,240.801,41.8053,2.1014,,1.1971,0.0887,4.6352,25.4215,7.5319,0,605.042,670.5882,0,0,0,0,0,0,0,0,0,46.4957,0,0,0,0,0,,,,8.6999,2.2844,0,9.6186,0.1046,6.6008,4.3335,2.6046,9.2586,0,0,0,0,0,0,0,0,0,0,0,0.9382,2.5359,9.4593,0.1096,0.0078,0.0026,7.116,1.8932,401.442,72.604,1.4972,18.9,1.05,0.5785,8.1786,0.4679,79.0827,4.708,1.4462,0.9674,0.7942,0.1527,82.0961,,,,,,,,,532.5182,2.0621,8.87,0.2525,2.883,0.087,1.6657,12.2428,0.0334,0.0188,0.0051,56.2041,0.4969,0.0137,0.0036,2.7577,0.0334,0.0188,0.0051,56.2041,-1
Wafer-516,3089.53,2695.57,2242.8555,1430.727,0.8832,100,106.21,0.1216,1.5219,-0.0022,-0.0003,0.9792,200.4165,0,8.2149,424.9716,9.7257,0.9814,190.6908,12.5059,1.3982,-6369.75,3045.5,-5006.75,1493,0.9888,1.8907,5.1645,70.1,2.5889,0.193,4.6684,85.3154,8.5135,50.3873,64.1605,49.6127,66.2242,86.6662,119.2382,78.79,3.194,70,354.2445,10.1229,137.1373,735.1128,1.4032,145.1518,1,636.5336,196.1374,0,4.587,4.831,2856,0.927,0.9495,4.5556,-0.7845,353.6054,10.512,116.3527,14.6036,20.7845,28.7982,706.3146,0.8873,151.9718,1,621.93,109.3084,,,0,-0.0185,-0.0315,-0.0207,-0.0362,0.0395,-0.1058,-0.0091,-0.0061,6.904,0.1297,,2.3091,0.9849,1763.6142,0.1817,8626.7101,-0.2893,-0.0061,-0.0039,0.0008,-0.0004,-0.9229,0,2.5698,0.0353,-0.0011,0.0012,0.0872,-0.0114,-0.0005,0.0061,0.0039,0.1263,0.151,,,,0.4651,0.9475,0,731.0047,0.9904,58.894,0.6024,0.9658,6.3212,15.92,4.92,15.96,15.96,1.399,2.471,0.7857,3.062,-0.0946,0.7436,0.9971,2.3063,1006.0844,39.14,84,194.3,178,62.9001,227.0289,0.1099,0,5.67,0.0039,0.1294,0.0555,0.0437,0.0054,6.2989,0,5.311,13.256,0.807,0.0042,5.5041,0.31,0.0419,,,293,650,10153,175,0.131,0.083,0.254,2.2,0.6,0.105,0.149,0.8867,0.0417,0.3555,0.4481,0.3555,0.6013,0.204,0.135,0,0,14.73,0.239,14.78,38.317,0.1607,8.86,0,21.19,29.149,0,0,0,0,0,0,0.271,6.69,18.78,0.208,10.25,19.36,6.69,7.204,32.545,0.1258,11.73,0,19.36,81.334,0,0.1382,0.0765,0.037,0.0329,0.1033,0.1018,0.0837,0.0293,5.0203,0.0034,,0.0584,0.0017,92.8213,0.0528,780.3003,0,0.0802,0.1043,0,0,0,0,0,0,0,0,0,0.0075,0.0051,0,0,0,0,,,,0.0498,0.019,0,68.0631,0.001,3.7947,0.0234,0.0214,0.4429,0,0,0,0,0,0,0,0,0,0,0,0.0343,31.216,4.5258,22.7541,63.7683,54.755,21.1302,80.6074,0.0359,0,2.1317,0.0011,0.0497,0.0166,0.0137,0.0018,2.0935,0,1.537,3.8652,0.2377,0.0015,1.9261,0.0877,0.0155,,,122.0393,295.8947,4580.177,74.2114,0.0551,0.0345,0.1057,0.7176,0.2028,0.033,0.0456,0.3188,0.0162,0.1379,0.1922,0.1379,0.2451,0.0781,0.0494,0,0,0,4.7145,0.0832,3.8425,11.2429,0.0499,2.702,0,6.4785,8.9278,0,0,0,0,0,0,0.0848,1.9844,5.6904,0.0538,2.7668,9.601,1.9844,2.2472,10.1901,0.0397,3.1894,0,5.6711,29.3659,,,0,0.0325,0.0317,0.018,0.015,0.0328,0.0529,0.0454,0.0131,1.9602,0.001,,0.0211,0.0005,28.9089,0.0171,244.4531,0,0.0183,0.0248,0.0197,0.0221,0,0,0,0,0,0,0,0.0023,0.002,0,0,0,0,,,,0.0112,0.0056,0,18.8357,0.0003,1.1749,0.0079,0.0067,0.1465,0,0,0,0,0,0,0,0,0,0,0,0.0112,10.5767,1.3543,3.8103,6.289,6.6034,2.8045,15.8681,12.4432,0,5.3385,3.2064,8.5028,0,0,0.5518,3.1429,0,64.6507,3.1193,8.2976,0.4254,2.8864,2.4788,2.9989,4.5999,21.343,202.7862,11.7214,13.2491,4.3898,4.9182,3.1384,23.176,54.4041,3.1916,1.0393,0.4896,0.7055,0.6984,0.7166,0.908,0.2354,0.1132,0,0,0,4.1581,2.361,10.7775,5.2124,11.4488,6.104,0,3.329,14.8615,0,0,0,0,0,0,5.9487,852.7231,5.311,1.9787,8.8094,132.5701,32.1874,25.0156,4.6077,14.1729,7.7185,0,3.1129,74.4078,0,747.7849,242.8571,178.9601,90.884,261.726,96.2648,919.7802,482.3045,72.7161,2.6214,,2.5291,0.1733,5.2631,29.0477,9.0452,0,0,0,0,0,0,0,0,0,0,0,0,66.0793,0,0,0,0,0,,,,10.7068,2.0092,0,9.3109,0.0995,6.4432,3.8842,2.2191,7.0066,0,0,0,0,0,0,0,0,0,0,0,1.4871,3.1027,11.5631,0.1096,0.0078,0.0026,7.116,,,,,,,,,,,,,0.9512,0.3954,0.0986,41.5699,251.342,0.5856,7.89,0.0892,3.1667,0.036,3.1391,15.2357,537.4627,2.1325,7.48,0.2969,2.5692,0.0925,1.3917,13.9238,,,,,0.5003,0.0233,0.0053,4.6616,0.0334,0.0188,0.0051,56.2041,-1
Wafer-517,3106.03,2506.42,2216.4778,1242.235,0.8379,100,105.1111,0.1233,1.5168,-0.0097,0.0009,0.9518,200.5661,0,6.821,407.0275,9.6056,0.9614,190.9605,12.4724,1.4088,-6328.75,3044.75,-4766.25,1576,0.984,1.8805,5.0945,68.0889,2.5889,0.2028,4.6527,86.3794,8.5615,50.4915,64.0756,49.5086,66.1344,86.8706,118.7712,79,3.478,70,354.3218,10.0846,137.3309,733.0152,0.9214,138.4136,1,630.0664,118.5933,0,4.584,4.829,2858,0.9265,0.9493,4.5501,0.2655,354.6864,10.4077,117.5964,10.2814,19.7345,25.8087,707.2065,0.9688,148.9355,1,621.2182,65.7047,,,0,-0.0199,-0.0404,0.0068,-0.0367,0.0004,-0.1036,-0.0175,0.0186,6.6096,0.1287,,2.4296,0.99,1747.7034,0.2126,8720.6101,0.0869,-0.0009,-0.0002,0,0,-0.0457,0,0.255,0.0363,-0.0002,0.0001,-0.0749,-0.0137,-0.0005,0.001,0.0003,-0.1339,-0.0873,,,,0.4648,0.9299,0,748.7528,0.9904,58.4256,0.6028,0.9697,6.297,15.93,4.585,15.98,15.95,1.376,2.461,0.6903,2.92,-1.655,0.7591,0.9967,2.2937,1005.3318,42.9293,103,191.2,123.8,53.3,180.863,0.2243,0,3.78,0.0043,0.1024,0.0446,0.0397,0.0238,9.6927,0,4.461,15.378,0.4706,0.0172,9.2679,0.26,0.041,,,628,646,1816,56,0.119,0.094,0.13,2.9,0.8,0.077,0.157,0.7187,0.1334,0.34,0.5936,0.3401,0.68,0.2546,0.298,0,0,16.01,0.662,12.57,37.475,0.106,7.89,0,24.75,28.051,0,0,0,0,0,0,0.55,4.89,20.45,0.624,12.17,19.14,4.89,4.064,35.147,0.3156,21.09,0,26.88,80.99,0,0.0431,0.055,0.0407,0.0737,0.0408,0.0935,0.1008,0.1602,4.8164,0.0027,,0.0466,0.0019,152.9594,0.1221,772.6992,0,0.0169,0.0147,0,0,0,0,0,0,0,0,0,0.0044,0.0059,0,0,0,0,,,,0.0464,0.0128,0,72.2472,0.001,3.333,0.0282,0.0139,0.3853,0,0,0,0,0,0,0,0,0,0,0,0.0215,25.494,4.0608,28.8442,63.2816,44.6487,19.1529,66.5739,0.0786,0,1.2819,0.0011,0.0406,0.0129,0.0119,0.0079,3.3232,0,1.3577,4.7529,0.1335,0.0057,3.2004,0.0697,0.016,,,292.8462,276.6229,788.6725,22.891,0.0505,0.0385,0.0561,0.8223,0.2421,0.0256,0.0477,0.296,0.0542,0.1293,0.2464,0.1294,0.2429,0.1011,0.1372,0,0,0,4.698,0.2104,3.2915,11.1848,0.0369,2.6019,0,7.0446,10.3366,0,0,0,0,0,0,0.105,1.4499,5.5041,0.1707,3.2985,10.7607,1.4499,1.2664,11.0596,0.0918,4.999,0,7.5301,26.371,,,0,0.012,0.0232,0.0221,0.0389,0.0108,0.049,0.055,0.083,1.5009,0.0007,,0.014,0.0005,46.6872,0.0401,258.4544,0,0.0048,0.0044,0.0014,0.0017,0,0,0,0,0,0,0,0.0014,0.002,0,0,0,0,,,,0.0133,0.004,0,28.4313,0.0003,1.0621,0.0088,0.0056,0.1314,0,0,0,0,0,0,0,0,0,0,0,0.0066,9.1571,1.2545,4.695,6.1558,4.9393,2.4047,14.5595,26.7732,0,3.5962,3.4864,6.7509,458.0231,0,2.4977,4.8327,0,65.401,3.7781,4.899,1.7869,4.8533,2.0846,2.9067,9.923,21.2168,38.1012,3.5533,12.0935,4.9987,2.5518,4.2591,30.9013,37.9726,3.3744,0.832,1.5577,0.6734,0.9264,0.687,1.0282,0.2931,0.2509,0,0,0,4.5185,6.5644,9.1531,5.1124,11.5071,5.7003,0,3.9282,23.6531,0,0,0,0,0,0,12.0877,0,5.7657,5.9956,10.349,186.1612,24.7789,15.7466,4.9698,32.5739,14.1605,0,4.327,123.2636,0,216.7872,135.9703,596.337,201.0914,0,90.251,576.824,858.9812,72.8695,2.0986,,1.9178,0.1873,8.752,57.4424,8.8606,0,0,0,0,0,0,0,0,0,0,0,0,32.0875,0,0,0,0,0,,,,9.9757,1.3789,0,9.649,0.0976,5.7048,4.6712,1.4328,6.1194,0,0,0,0,0,0,0,0,0,0,0,0.9382,2.5359,9.4593,0.1096,0.0078,0.0026,7.116,2.1878,408.076,73.632,3.0304,16.1,1.1,1.1391,6.6938,0.406,138.5152,3.9453,1.4939,0.9622,0.3357,0.0626,34.8875,265.17,0.6577,7.67,0.1653,3.4855,0.0655,2.8925,25.1272,535.0918,2.0927,6.36,0.2646,2.3244,0.0753,1.1886,12.6428,0.0188,0.0172,0.0052,91.3965,0.5029,0.0206,0.0062,4.0966,0.0188,0.0172,0.0052,91.3965,-1
Wafer-518,3050.22,2563.58,2242.8555,1430.727,0.8832,100,106.21,0.1216,1.6053,-0.0017,-0.0049,0.9694,200.851,0,7.375,418.1633,9.7107,0.9738,191.1403,12.4673,1.403,-6234.5,2921.5,-4114.3333,1503.75,0.992,1.8878,5.0723,69.7889,2.1,0.1733,4.6127,86.2857,8.5855,50.3174,63.9733,49.6826,66.0928,86.8774,118.8308,78.33,2.809,70,365.44,9.6796,146.7009,754.132,0.8421,130.1691,1,642.31,134.6282,0,4.603,4.85,2867,0.9142,0.9489,4.5382,-3.6855,367.6218,9.9856,123.0155,8.39,23.6855,28.4754,725.6566,0.9915,146.2955,1,636.9327,72.1096,,,0,-0.0202,-0.0298,-0.0146,-0.0711,0.0427,-0.1148,-0.0104,0.0955,8.2621,0.136,,2.3962,0.9894,1866.7297,0.1982,8496.97,0.0337,0.0011,-0.0006,-0.0001,0,0.0817,0,0.1278,0.0428,-0.0004,0.0001,-0.0178,-0.0111,-0.0006,-0.0011,0.0006,-0.0382,0.01,,,,0.4609,0.9386,0,722.9924,0.9906,59.8959,0.5988,0.9756,6.2884,15.92,4.92,15.96,15.96,1.399,2.471,0.7857,3.062,-0.0946,0.7436,0.9971,2.3063,1006.0844,39.14,136,202.4,229.7,62.9001,227.0289,0.1099,0,5.67,0.0039,0.336,0.0579,0.0435,0.013,6.0834,0,4.903,16.145,0.9159,0.0102,5.1918,0.21,0.0175,,,360,721,699,178,0.125,0.103,0.096,2.7,1,0.079,0.116,0.8273,0.1027,0.3367,0.4794,0.3367,0.5985,0.2189,0.391,0,0,17.35,0.217,10.02,32.963,0.0944,6.26,0,18.42,24.035,0,0,0,0,0,0,0.251,8.52,19.32,0.567,12.08,10.15,8.52,8.415,38.299,0.2585,8.41,0,19.57,73.559,0,0.1245,0.0675,0.0561,0.2471,0.1316,0.0787,0.1131,0.2101,2.1401,0.0022,,0.0326,0.0028,111.5599,0.0512,980.8999,0,0.0161,0.0109,0,0,0,0,0,0,0,0,0,0.004,0.0046,0,0,0,0,,,,0.0225,0.033,0,104.7552,0.0009,2.0524,0.0298,0.0061,0.4651,0,0,0,0,0,0,0,0,0,0,0,0.0343,31.216,4.5258,33.7732,71.5694,69.3048,21.1302,80.6074,0.0359,0,2.1317,0.0011,0.1068,0.0158,0.0112,0.0043,2.0788,0,1.6548,6.0268,0.2726,0.0035,1.9112,0.0498,0.0052,,,161.5106,329.2805,350.4431,80.5704,0.0526,0.0448,0.0417,0.9373,0.2739,0.0289,0.0368,0.3069,0.0387,0.1458,0.1783,0.1458,0.2387,0.0927,0.1418,0,0,0,5.5498,0.0667,2.6427,9.3344,0.0273,1.5441,0,5.4252,7.2318,0,0,0,0,0,0,0.0852,2.7609,5.5412,0.1904,3.2224,8.6697,2.7609,2.8774,11.4314,0.0656,2.1545,0,5.9605,20.286,,,0,0.0291,0.028,0.0246,0.1012,0.0363,0.039,0.0564,0.0876,0.8552,0.0007,,0.0125,0.0009,45.0539,0.0147,254.2719,0,0.0041,0.0036,0.0034,0.0023,0,0,0,0,0,0,0,0.0013,0.0015,0,0,0,0,,,,0.0063,0.0109,0,34.1561,0.0003,0.6392,0.0098,0.0021,0.1592,0,0,0,0,0,0,0,0,0,0,0,0.0112,10.5767,1.3543,6.2229,6.6356,8.9601,2.8045,15.8681,12.4432,0,5.3385,3.2064,20.9312,0,888.8889,1.3434,3.0288,0,66.4813,3.8609,9.4317,1.0482,2.7162,1.6844,1.2452,5.7743,24.6791,16.9894,11.8371,12.6008,5.4562,1.8927,3.8688,47.619,45.5769,2.5148,0.9588,1.1967,0.6692,0.7494,0.6777,0.9055,0.252,0.329,0,0,0,4.7477,2.2418,6.8302,4.371,11.2109,4.8091,0,2.8678,17.8529,0,0,0,0,0,0,5.5308,231.1791,5.2554,5.6782,9.8199,120.9773,35.9714,29.5517,5.2778,26.0723,5.7486,0,3.0725,102.0099,0,616.9093,226.5101,383.5897,347.5387,308.1967,68.554,0,219.8849,25.902,1.6179,,1.3589,0.2816,5.9762,25.8194,11.5441,0,0,0,0,0,0,0,0,0,0,0,0,36.036,800,0,0,0,0,,,,4.8777,3.521,0,14.4891,0.0878,3.4266,4.9781,0.6297,7.3957,0,0,0,0,0,0,0,0,0,0,0,1.4871,3.1027,11.5631,0.1096,0.0078,0.0026,7.116,1.2333,406.69,80.964,1.0621,14.74,1.87,0.4138,6.3563,0.782,86.1141,3.6244,2.3097,1.0061,0.5058,0.0834,50.2702,265.448,0.5556,5.44,0.1626,2.1232,0.0615,2.0494,29.2697,533.7682,1.9722,5.6201,0.2812,1.9278,0.0963,1.0529,14.2593,,,,,0.4971,0.0121,0.0038,2.4428,0.0188,0.0172,0.0052,91.3965,-1
Wafer-519,2929.6,2564.91,2216.4778,1242.235,0.8379,100,105.1111,0.1233,1.519,-0.0053,-0.0124,0.966,199.3192,0,7.2128,400.3552,10.6137,0.9802,188.7055,12.4618,1.4033,-5962,2517.75,-3781,4460.5,1.294,2.0393,7.257,69.0444,1.6556,0.1362,3.4756,84.7007,8.7283,49.884,63.9335,50.116,66.2469,86.6108,118.793,14.88,5.52,70,360.6155,9.5881,146.6436,750.0185,1.1979,136.6527,1,643.9118,208.2604,0,4.61,4.869,2855,0.923,0.9466,4.5698,-1.7609,361.8009,9.774,124.8827,12.8948,21.7609,31.1484,718.8701,0.9017,145.7055,1,632.3891,79.8047,,,0,-0.021,-0.0376,0.0294,-0.0254,-0.008,-0.1202,-0.0263,0.0178,6.4292,0.1375,,2.4402,0.9683,1743.9933,0.1592,8611.06,0.0447,0.0006,-0.0021,0.0001,0,-0.099,0,0.161,0.0102,0.0001,0.0001,-0.0201,-0.0089,-0.0001,-0.0006,0.0021,0.1403,0.0851,,,,0.4592,0.9252,0,712.8031,0.9919,58.0641,0.6029,0.9776,6.2913,15.92,4.92,15.96,15.96,1.399,2.471,0.7857,3.062,-0.0946,0.7436,0.9971,2.3063,1006.0844,39.14,122,182.5,180,53.3,180.863,0.2243,0,3.78,0.0043,0.0842,0.0385,0.0427,0.0122,9.2147,0,2.937,15.42,0.4541,0.006,8.8228,0.66,0.0407,,,1799,77,12922,15062,0.106,0.16,0.197,2.4,1.3,0.209,0.834,0.5116,0.0342,0.4111,0.7034,0.4111,0.6583,0.2202,1.005,0,0,16.08,0.446,10.76,36.558,0.1424,4.7,0,20.25,51.607,0,0,0,0,0,0,0.257,8.15,23.67,0.874,11.56,18.24,8.15,5.681,33.884,0.439,16.1,0,24.15,92.453,0,0.0615,0.0448,0.0643,0.0543,0.0401,0.0733,0.0909,0.0773,6.1379,0.0027,,0.099,0.0044,85.8933,0.0396,1103.8003,0,0.0198,0.0118,0,0,0,0,0,0,0,0,0,0.002,0.0059,0,0,0,0,,,,0.0151,0.0469,0,109.2778,0.0005,2.4326,0.0254,0.0034,0.6475,0,0,0,0,0,0,0,0,0,0,0,0.0343,31.216,4.5258,31.4495,59.8507,64.6619,19.1529,66.5739,0.0786,0,1.2819,0.0011,0.0325,0.0116,0.0115,0.0041,3.3054,0,1.1178,4.6987,0.1289,0.002,3.2335,0.106,0.0165,,,749.7471,37.0529,5707.945,6219.4588,0.0495,0.0767,0.0814,0.8457,0.5548,0.0764,0.2338,0.2085,0.0153,0.1701,0.2526,0.1701,0.2378,0.0919,0.4175,0,0,0,5.1793,0.1148,2.9316,10.3854,0.041,1.433,0,5.8685,17.1161,0,0,0,0,0,0,0.0868,2.3084,7.5572,0.3398,3.2861,11.1289,2.3084,2.0665,10.6327,0.143,4.6373,0,6.7161,27.9874,,,0,0.0191,0.0216,0.0296,0.0238,0.0114,0.0402,0.0458,0.0399,2.0918,0.0009,,0.0304,0.0013,26.8506,0.0118,372.6489,0,0.0056,0.0035,0.003,0.0015,0,0,0,0,0,0,0,0.0008,0.002,0,0,0,0,,,,0.0051,0.0147,0,37.7713,0.0002,0.6284,0.0089,0.0012,0.2104,0,0,0,0,0,0,0,0,0,0,0,0.0112,10.5767,1.3543,5.6553,6.2295,7.0178,2.4047,14.5595,26.7732,0,3.5962,3.4864,5.5432,726.4151,344.7023,1.2625,4.6231,0,40.7192,3.8516,4.2781,0.6073,4.6754,5.2962,2.8983,30.1744,3.0583,341.7614,337.6751,8.1917,7.846,2.7146,3.476,78.5235,153.4258,23.9962,0.604,0.3919,0.8241,1.1002,0.8203,0.9937,0.2542,0.846,0,0,0,4.459,4.6516,7.3375,4.8743,11.8847,3.4394,0,3.1448,24.78,0,0,0,0,0,0,5.6239,462.8291,6.5423,8.9421,9.2567,141.4523,37.4525,18.2384,4.7135,48.6875,11.0497,0,3.8189,115.849,0,292.8571,119.1489,218.8936,214.2012,501.6419,60.969,344.9715,433.6606,95.4691,1.9632,,4.0589,0.4591,4.9251,24.8898,12.8184,0,0,570.3927,0,0,0,0,0,0,0,0,0,22.4404,0,0,0,0,0,,,,3.2969,5.0707,0,15.3307,0.0542,4.1895,4.211,0.3434,10.2918,0,0,0,0,0,0,0,0,0,0,0,1.4871,3.1027,11.5631,0.1096,0.0078,0.0026,7.116,0.7518,402.306,81.216,0.3117,21.89,1.92,0.126,9.9266,0.8911,41.4561,5.4411,2.3641,0.9308,0.128,0.0293,13.7543,250.544,0.633,5.66,0.1004,2.3792,0.0435,2.2591,15.8565,531.0854,2.0685,9.93,0.2932,3.3856,0.0858,1.8698,14.1723,0.0354,0.0146,0.0049,41.3226,0.4952,0.012,0.0031,2.4192,0.0354,0.0146,0.0049,41.3226,-1
Wafer-520,3058.6,2568.35,2228.4444,1364.0563,0.8795,100,106.2756,0.1216,1.5886,-0.0044,0.0092,0.9714,201.2684,0,7.095,409.8962,9.8139,0.9756,191.4545,12.4618,1.3978,-5490.25,2737.75,-3635,-5033.75,1.2837,2.0065,7.2762,65.6556,1.8111,0.167,3.483,85.8807,9.754,50.2775,63.9959,49.7225,66.5687,87.1954,118.0116,65.11,3.462,70,356.1009,10.0093,135.0364,730.478,0.9249,138.0755,1,629.2127,123.3803,0,4.617,4.868,2843,0.929,0.9484,4.5141,2.9691,354.41,10.4229,118.0055,12.1627,17.0309,22.5569,707.9211,0.8996,146.0755,1,618.4909,71.1621,,,0,-0.0332,-0.0247,-0.012,-0.0279,0.0175,-0.1035,-0.0219,0.0127,6.8674,0.1288,,2.3908,0.9913,1725.4839,0.1667,8726.7798,0.0152,0.0065,-0.0013,0,0,0.0513,0,-0.0468,0.0158,-0.0001,0,0.0211,-0.0089,-0.0002,-0.0065,0.0013,-0.0111,-0.0467,,,,0.4569,0.9352,0,744.2807,0.992,58.5766,0.6027,0.9775,6.2204,15.92,4.92,15.96,15.96,1.399,2.471,0.7857,3.062,-0.0946,0.7436,0.9971,2.3063,1006.0844,39.14,148,78.2,119.3,71.0999,205.2839,0.3197,0,5.17,0.0033,0.1253,0.0434,0.0391,0.0075,6.146,0,4.288,12.143,0.2972,0.0063,5.8506,0.66,0.0562,,,631,331,972,8142,0.095,0.109,0.218,3.3,1.3,0.119,0.491,0.4955,0.0807,0.3767,0.5871,0.3767,0.9365,0.2261,0.166,0,0,20.98,0.711,10.76,34.488,0.121,10.03,0,23.53,20.566,0,0,0,0,0,0,0.271,5.29,18.71,0.592,10.53,22.52,5.29,4.745,32.558,0.2482,5.07,0,28.57,84.15,0,0.0522,0.052,0.021,0.0406,0.0474,0.1062,0.0895,0.0869,2.984,0.0037,,0.0573,0.0021,110.2527,0.0287,1291.3994,0,0.0105,0.0131,0,0,0,0,0,0,0,0,0,0.006,0.0053,0,0,0,0,,,,0.0203,0.0386,0,120.1171,0.0003,2.2199,0.0224,0.005,0.4768,0,0,0,0,0,0,0,0,0,0,0,0.0343,31.216,4.5258,26.2466,27.8286,36.6552,22.3395,76.9801,0.0965,0,1.9144,0.0009,0.0476,0.0131,0.0124,0.0025,2.047,0,1.4113,4.41,0.0928,0.0022,1.9663,0.106,0.0198,,,296.7045,139.858,401.8159,3638.443,0.0397,0.0488,0.0898,0.9812,0.4226,0.0444,0.1473,0.2118,0.0379,0.147,0.222,0.147,0.358,0.1003,0.0648,0,0,0,5.5332,0.2635,2.7093,10.2887,0.0359,2.737,0,6.6744,6.5789,0,0,0,0,0,0,0.0817,1.5403,5.7803,0.1553,3.1124,9.4876,1.5403,1.5635,10.2473,0.0805,1.5393,0,8.1742,28.3427,,,0,0.0141,0.0225,0.0096,0.0177,0.0112,0.0509,0.0461,0.0451,0.9745,0.001,,0.0198,0.0006,33.523,0.0089,449.0989,0,0.0029,0.0035,0.0026,0.0019,0,0,0,0,0,0,0,0.0019,0.0018,0,0,0,0,,,,0.0063,0.0134,0,44.2552,0.0001,0.5986,0.0088,0.0016,0.1533,0,0,0,0,0,0,0,0,0,0,0,0.0112,10.5767,1.3543,6.6371,2.5567,4.645,3.1906,15.0495,36.3498,0,4.8647,2.7145,7.8874,980.791,424.1356,0.7677,3.0537,0,60.4369,2.9625,3.0283,0.6418,3.0559,5.2962,4.0228,11.4931,12.0902,26.74,161.7482,7.4002,5.4323,2.996,5.0262,71.7791,71.2575,14.097,0.577,0.8274,0.7492,0.9174,0.7576,1.4068,0.2593,0.1407,0,0,0,5.8916,7.1034,7.9682,4.7213,13.0853,7.2641,0,3.7396,16.6688,0,0,0,0,0,0,6.0034,178.169,5.2792,5.6798,8.9233,185.1563,31.0612,21.0358,4.5991,27.5844,3.4708,0,4.6193,118.2512,0,157.4364,210.3134,174.6362,145.2594,270.4708,102.6583,409.1429,682.9077,43.4515,2.8719,,2.3965,0.2097,6.3897,17.2175,14.7981,0,160.4585,0,0,0,0,0,0,0,0,0,0,67.0391,0,0,0,0,0,,,,4.4362,4.1323,0,16.1387,0.0306,3.7897,3.7198,0.5093,7.6651,0,0,0,0,0,0,0,0,0,0,0,1.4871,3.1027,11.5631,0.1096,0.0078,0.0026,7.116,,,,,,,,,,,,,0.9449,0.0789,0.0226,8.3522,250.698,0.6402,7.38,0.0806,2.7719,0.0325,2.9438,12.591,529.4909,2.0437,10.66,0.3671,3.649,0.1111,2.0132,17.9606,,,,,0.4924,0.0111,0.0035,2.2577,0.0354,0.0146,0.0049,41.3226,-1
Wafer-521,2961.59,2585.06,2167.2,1108.9456,1.4869,100,94.26,0.1249,1.4863,-0.0064,-0.0059,0.9696,194.8339,0,8.7108,418.4021,10.5934,0.9817,184.2405,12.448,1.4104,-6330.25,3084,-2143.25,1502.5,0.9838,1.8855,5.0565,67.6111,3.1111,0.2063,4.6416,85.5528,8.9546,50.458,64.1864,49.542,66.2016,86.9821,118.6376,78.38,1.831,70,348.5927,9.9925,137.6518,726.5601,1.0286,134.7582,1,621.0027,56.8818,0,4.598,4.87,2824,0.9338,0.944,4.5389,-1.7982,350.8618,10.3683,115.8536,9.7697,21.7982,25.6366,700.9235,1.1234,145.8109,1,612.5264,103.4198,,,0,-0.0239,-0.0387,0.0263,0.0007,0.001,-0.1103,-0.0025,0.0093,6.8873,0.1385,,2.3802,0.9884,1679.6377,0.1651,7788.46,-0.0099,-0.0001,0.0003,-0.0001,0,0.0674,0,0.3383,0.1395,-0.0007,0.0002,0.0147,-0.0174,-0.0019,0.0001,-0.0003,-0.0446,-0.0528,,,,0.4568,0.9485,0,638.4671,0.9912,56.956,0.5907,0.9789,6.0053,15.87,4.563,15.96,15.91,1.541,2.51,0.6567,2.89,0,0.7717,0.9946,2.2965,1001.3796,36.7896,232,234.9,203.7,68.1001,1245.613,0.148,0,12.33,0.0046,0.0927,0.0488,0.0315,0.0091,7.0713,0,4.94,11.693,0.3872,0.004,6.7187,0.33,0.0309,,,339,605,7976,17,0.119,0.084,0.199,2.9,0.7,0.079,0.1,0.76,0.0593,0.4036,0.6347,0.4036,0.6944,0.2679,0.141,0,0,15.51,0.96,9.26,30.03,0.1062,6,0,19,21.695,0,0,0,0,0,0,0.291,7.8,17.56,0.343,13.59,19.31,7.8,9.175,38.72,0.1231,7.05,0,23.26,66.925,0,0.0497,0.0371,0.1252,0.2517,0.0552,0.1064,0.1478,0.1041,5.1939,0.0029,,0.0358,0.0014,124.1143,0.0434,475.0996,0,0.02,0.0568,0,0,0,0,0,0,0,0,0,0.0056,0.0042,0,0,0,0,,,,0.0484,0.02,0,52.4576,0.0006,1.9674,0.0326,0.0025,0.5802,0,0,0,0,0,0,0,0,0,0,0,0.039,31.776,3.6498,38.9095,87.798,84.1782,23.4755,401.8832,0.0598,0,4.4515,0.0014,0.0322,0.0135,0.01,0.0029,2.2658,0,1.3479,3.4307,0.115,0.0014,2.1851,0.0877,0.0102,,,158.79,266.0464,3293.0013,7.4162,0.0503,0.0378,0.083,1.1005,0.2369,0.0306,0.0295,0.3021,0.0227,0.153,0.2297,0.153,0.2787,0.1049,0.0629,0,0,0,4.7883,0.2648,3.0068,9.411,0.036,2.233,0,5.5976,6.8169,0,0,0,0,0,0,0.0932,2.7912,5.5143,0.1006,4.1279,9.2019,2.7912,3.5624,12.2461,0.0416,2.4282,0,6.6419,23.7565,,,0,0.0162,0.0156,0.0565,0.1107,0.0118,0.0548,0.0691,0.0462,1.9972,0.0009,,0.0129,0.0005,41.3583,0.0137,175.3255,0,0.0055,0.0125,0.0037,0.0104,0,0,0,0,0,0,0,0.0018,0.0015,0,0,0,0,,,,0.0172,0.0073,0,18.6322,0.0002,0.6201,0.0115,0.0009,0.1911,0,0,0,0,0,0,0,0,0,0,0,0.0119,12.0637,1.1609,10.5012,7.9316,7.8799,3.1423,112.3241,9.9562,0,13.0808,3.6815,6.237,763.9922,535.6004,0.9406,3.6294,0,56.7111,2.7947,3.6552,0.4091,3.6467,2.651,2.1929,5.3552,19.6174,372.1451,1.1314,12.0966,4.4551,3.9355,4.2892,22.5,38.2876,2.1545,0.8883,0.6623,0.7999,0.9888,0.8147,1.0489,0.308,0.1188,0,0,0,4.4493,9.6072,6.7271,4.1332,10.3215,4.4524,0,3.0596,38.1405,0,0,0,0,0,0,6.4112,433.7715,5.0048,3.3082,11.7303,197.6519,35.7828,35.7889,5.5241,10.9616,4.835,0,3.7974,64.712,0,208.0586,95.8037,475.5935,0,0,96.4861,0,0,75.4123,2.0935,,1.5059,0.1446,7.3893,26.2718,6.1,0,0,0,0,0,0,0,0,0,0,0,0,32.1377,224,0,0,0,0,,,,10.6014,2.1087,0,8.2162,0.0592,3.4543,5.5169,0.2516,9.6609,0,0,0,0,0,0,0,0,0,0,0,1.6967,3.1732,9.9207,0.1096,0.0078,0.0026,7.116,1.2896,405.456,74.72,1.232,14.54,1.31,0.503,7.1828,0.5968,95.5325,3.5861,1.7532,0.9799,0.4397,0.0728,44.8745,249.146,0.6073,4.28,0.1141,1.7605,0.0439,1.7179,18.7865,534.1364,2.3033,9.14,0.3106,3.2821,0.0985,1.7112,13.4839,0.0335,0.0122,0.004,36.297,0.4953,0.017,0.0039,3.4408,0.0335,0.0122,0.004,36.297,-1
Wafer-522,3158.88,2462.64,2216.4778,1242.235,0.8379,100,105.1111,0.1233,1.479,-0.0041,0.0095,0.9689,199.9411,0,6.6688,409.9817,9.629,0.9735,190.3121,12.5031,1.4056,-5135,2605.5,-3594,3488.6667,1.323,2.0005,7.2915,68.7667,2.1,0.1559,3.4977,84.7226,8.9635,50.5609,64.2798,49.4391,66.2774,86.9622,118.5886,77.84,3.243,70,353.7273,10.0763,139.6191,735.8355,0.9419,139.4709,1,632.8173,142.5085,0,4.587,4.831,2856,0.927,0.9495,4.5556,-0.3736,354.7345,10.3671,119.2455,10.6183,20.3736,26.4354,709.4002,0.921,149.5255,1,623.5055,90.3106,,,0,-0.0104,-0.0277,0.0015,-0.0736,0,-0.1003,-0.0116,-0.0023,8.2565,0.1386,,2.415,0.9849,1813.14,0.1882,9064.2501,0.0607,0.0015,-0.0044,0.0002,-0.0001,-0.1858,0,0.2111,0.0242,0.0002,0.0001,0.009,-0.0107,-0.0003,-0.0015,0.0044,-0.1331,-0.0929,,,,0.4592,0.9234,0,686.1109,0.9909,58.0777,0.6037,0.9634,6.4622,15.93,4.585,15.98,15.95,1.376,2.461,0.6903,2.92,-1.655,0.7591,0.9967,2.2937,1005.3318,42.9293,89,290.4,235.4,53.3,180.863,0.2243,0,3.78,0.0043,0.088,0.0499,0.0481,0.0095,8.3116,0,3.501,9.767,0.4508,0.0073,7.8832,0.4,0.0347,,,569,666,993,22739,0.123,0.129,0.238,2.5,1.9,0.116,0.359,0.6475,0.072,0.2169,0.5249,0.2169,0.7847,0.2436,0.184,0,0,16.81,0.456,12.41,35.172,0.0759,9.99,0,24.1,14.193,0,0,0,0,0,0,0.271,3.87,17.84,0.334,10.42,16.68,3.87,5.419,33.298,0.1889,8.67,0,22.78,57.007,0,0.0487,0.0636,0.0376,0.0149,0.0478,0.1045,0.1314,0.059,2.573,0.0028,,0.0404,0.0024,104.6329,0.0256,1223.5996,0,0.0189,0.0156,0,0,0,0,0,0,0,0,0,0.0067,0.0045,0,0,0,0,,,,0.0147,0.0482,0,139.762,0.0006,1.8825,0.0249,0.0266,0.4115,0,0,0,0,0,0,0,0,0,0,0,0.0215,25.494,4.0608,24.2638,84.5104,76.0494,19.1529,66.5739,0.0786,0,1.2819,0.0011,0.0318,0.0139,0.0156,0.0033,3.1299,0,1.2237,3.0444,0.131,0.0024,3.0224,0.0969,0.0114,,,248.4364,279.1111,424.9463,12351.7145,0.0536,0.0591,0.1012,0.7858,0.6265,0.0393,0.1233,0.261,0.0274,0.0901,0.2068,0.0901,0.3216,0.1076,0.0825,0,0,0,5.2192,0.1372,3.3464,10.7483,0.0272,2.6384,0,7.4035,3.9433,0,0,0,0,0,0,0.0848,1.0663,5.5989,0.097,2.6869,10.0215,1.0663,1.7504,10.6826,0.061,2.6553,0,6.7111,17.3927,,,0,0.0127,0.0263,0.019,0.0066,0.0162,0.0562,0.064,0.0283,1.0377,0.001,,0.0132,0.0007,32.0348,0.0077,343.2942,0,0.0054,0.0041,0.0034,0.0022,0,0,0,0,0,0,0,0.0023,0.0016,0,0,0,0,,,,0.0047,0.0152,0,38.6858,0.0002,0.5458,0.0083,0.0086,0.1422,0,0,0,0,0,0,0,0,0,0,0,0.0066,9.1571,1.2545,4.024,9.1931,9.5588,2.4047,14.5595,26.7732,0,3.5962,3.4864,5.9498,0,503.9948,0.985,4.157,0,52.4981,2.3823,4.6822,0.7473,4.1423,3.1992,2.4707,11.0808,25.5613,27.6294,651.7963,9.2971,6.4484,3.2641,3.6355,90.4762,74.412,10.264,0.7643,0.8028,0.429,0.8166,0.4387,1.184,0.2801,0.1552,0,0,0,4.7522,4.5255,8.8885,4.7799,8.061,7.1628,0,3.8084,9.9594,0,0,0,0,0,0,5.9487,0,5.0291,3.2217,8.7383,157.0873,18.9951,20.4992,4.6938,20.5068,5.7983,0,3.6535,63.1232,0,469.6805,229.6029,0,20.2377,0,104.2134,0,0,31.1633,2.0197,,1.6709,0.2434,5.7708,13.6116,13.4992,0,0,352.5424,0,0,0,0,0,0,0,0,0,62.9108,0,0,0,0,0,,,,3.2042,5.2145,0,20.3702,0.0635,3.2413,4.117,2.7617,6.3673,0,0,0,0,0,0,0,0,0,0,0,0.9382,2.5359,9.4593,0.1096,0.0078,0.0026,7.116,1.486,409.328,74.312,2.4955,17.91,1.17,1.0455,8.2262,0.5337,167.9338,4.3755,1.5744,0.9495,0.1103,0.0268,11.6115,,,,,,,,,533.1246,2.1672,9.43,0.2236,3.2845,0.0726,1.7688,10.3164,,,,,0.5011,0.0179,0.0041,3.5675,0.0335,0.0122,0.004,36.297,-1
Wafer-523,2945.19,2456.56,2216.4778,1242.235,0.8379,100,105.1111,0.1233,1.552,0.0175,0.0027,0.9768,200.5718,0,8.1971,416.7517,9.8077,0.9794,190.7641,12.4871,1.4026,-6188,3069.75,-6256.5,1575.5,0.989,1.8958,5.2127,66.1444,2.6222,0.2067,4.6649,85.9922,8.5334,50.2818,63.9469,49.7183,66.1932,86.8109,118.5424,78.33,3.342,70,363.54,9.4941,134.8391,734.215,1.2962,137.71,1,636.0891,211.2935,0,4.601,4.847,2852,0.9238,0.9492,4.5429,4.9073,359.9255,10.0705,119.7464,14.6155,15.0927,22.6375,711.5775,0.8336,141.8018,1,621.4736,76.4897,,,0,-0.0158,-0.0375,-0.0651,-0.0134,-0.0068,-0.1013,-0.0194,0.0125,7.1796,0.1335,,2.4313,0.9902,1800.2195,0.1649,8296.7401,0.1879,0.0046,-0.0014,-0.0005,-0.0004,0.8166,0,-1.0872,-0.067,-0.0008,-0.0005,-0.0223,-0.0072,0.0009,-0.0047,0.0014,0.2674,0.0112,,,,0.4533,0.9615,0,727.2449,0.9914,57.2243,0.6031,0.9795,6.304,15.92,4.92,15.96,15.96,1.399,2.471,0.7857,3.062,-0.0946,0.7436,0.9971,2.3063,1006.0844,39.14,88,120.2,186.2,53.3,180.863,0.2243,0,3.78,0.0043,0.1535,0.0807,0.0359,0.0068,5.7925,0,4.62,12.757,0.2577,0.0059,5.5349,0.27,0.0229,,,614,532,8995,150,0.126,0.077,0.222,3.7,1.1,0.087,0.187,0.845,0.0722,0.3487,0.8189,0.3488,0.802,0.1414,0.134,0,0,19,0.306,7.79,28.567,0.1307,4.09,0,20.8,42.356,0,0,0,0,0,0,0.31,10.9,21.78,0.847,13.64,27.14,10.9,15.157,42.02,0.2813,7.69,0,27.14,75.791,0,0.0651,0.043,0.0362,0.041,0.0352,0.064,0.104,0.108,4.0177,0.0041,,0.0857,0.0016,101.0593,0.0213,909.4004,0,0.0759,0.0256,0,0,0,0,0,0,0,0,0,0.0049,0.0052,0,0,0,0,,,,0.0302,0.0078,0,89.0393,0.001,1.6562,0.0156,0.0029,0.4671,0,0,0,0,0,0,0,0,0,0,0,0.0343,31.216,4.5258,23.8212,50.5909,60.5644,19.1529,66.5739,0.0786,0,1.2819,0.0011,0.0481,0.0207,0.011,0.0022,2.0079,0,1.4562,5.0404,0.0924,0.0019,1.9287,0.0784,0.0097,,,256.5125,218.4008,4413.093,61.4573,0.0521,0.0335,0.1049,0.9926,0.327,0.027,0.0666,0.3146,0.031,0.126,0.3176,0.126,0.3029,0.0598,0.0678,0,0,0,5.9707,0.0851,2.3129,8.2762,0.0388,1.1161,0,5.9781,15.2429,0,0,0,0,0,0,0.0887,3.5103,6.5183,0.2501,3.5936,9.8119,3.5103,4.7682,12.3846,0.0734,2.266,0,8.0237,26.643,,,0,0.0162,0.0192,0.016,0.0182,0.0087,0.0336,0.0554,0.0479,1.6976,0.0011,,0.0259,0.0006,32.4708,0.0068,324.0479,0,0.0178,0.0059,0.0165,0.0085,0,0,0,0,0,0,0,0.0019,0.0016,0,0,0,0,,,,0.0089,0.0026,0,33.0666,0.0003,0.4932,0.0058,0.001,0.1503,0,0,0,0,0,0,0,0,0,0,0,0.0112,10.5767,1.3543,3.8077,4.0812,7.5797,2.4047,14.5595,26.7732,0,3.5962,3.4864,9.8903,462.1331,0,0.6984,2.888,0,56.3615,3.0611,2.6276,0.5981,2.9014,2.1622,1.6356,9.9224,17.3304,143.7705,9.5208,12.7401,4.0617,4.2588,5.5938,41.9492,42.0968,4.0087,0.9826,0.8463,0.6935,1.2806,0.7016,1.2116,0.1629,0.113,0,0,0,5.2264,3.2231,5.7773,3.8908,10.0825,2.97,0,3.27,20.046,0,0,0,0,0,0,6.8238,222.1193,6.0513,8.4107,11.3907,185.6937,72.2202,66.9553,5.9052,33.7458,5.4231,0,4.367,99.0865,0,412.8419,114.7432,55.5641,305.4004,519.5572,63.1787,536.7742,865.7315,55.9599,3.0701,,3.5251,0.1607,5.6137,12.8967,10.9609,0,0,0,0,0,0,0,0,0,0,0,0,68.1739,577.7778,0,0,0,0,,,,6.6706,0.815,0,12.2434,0.0978,2.8943,2.5845,0.3011,7.4093,0,0,0,0,0,0,0,0,0,0,0,1.4871,3.1027,11.5631,0.1096,0.0078,0.0026,7.116,,,,,,,,,,,,,0.9449,0.0789,0.0226,8.3522,251.854,0.6545,10.42,0.1138,3.779,0.0476,4.1373,17.3813,533.77,2.0384,6.66,0.2881,2.4182,0.0966,1.2477,14.1331,,,,,0.4968,0.0178,0.004,3.5857,0.0335,0.0122,0.004,36.297,-1
Wafer-524,3071.43,2370.72,2216.4778,1242.235,0.8379,100,105.1111,0.1233,1.4103,-0.0089,0.0061,0.9788,200.6603,0,7.2552,425.6299,9.8026,0.981,190.8577,12.4892,1.3854,-6475.5,3067.5,-5528.5,1349.75,0.9938,1.8847,5.1845,69.0889,2.8667,0.1959,4.6689,85.2601,8.5779,50.3893,64.1459,49.6107,66.183,86.6492,119.3278,13.83,5.019,70,354.7291,10.122,135.9009,731.9724,0.9287,139.2764,1,629.9064,116.1783,0,4.584,4.829,2858,0.9265,0.9493,4.5501,1.49,354.5527,10.4273,117.3909,10.4974,18.51,24.3465,707.6259,0.9173,148.8755,1,620.8191,96.7349,,,0,-0.0175,-0.0362,-0.0087,-0.0667,-0.0035,-0.0974,-0.0209,-0.0011,6.9937,0.1291,,2.415,0.9894,1875.3806,0.1591,8630.7298,0.0536,0.0004,-0.0021,0,0,-0.0099,0,0.0849,0.0167,-0.0001,0,-0.0549,-0.01,-0.0002,-0.0003,0.0021,-0.1107,-0.0993,,,,0.4565,0.9481,0,764.6541,0.9903,58.4683,0.61,0.9664,6.3956,15.92,4.92,15.96,15.96,1.399,2.471,0.7857,3.062,-0.0946,0.7436,0.9971,2.3063,1006.0844,39.14,110,208.5,227.9,53.3,180.863,0.2243,0,3.78,0.0043,0.1148,0.0526,0.0447,0.0053,5.9941,0,4.564,17.567,0.2945,0.0044,5.7057,0.36,0.0475,,,579,671,5355,275,0.133,0.087,0.245,2.7,0.5,0.064,0.158,0.8687,0.0754,0.3693,0.6137,0.3693,0.7476,0.2916,0.221,0,0,17.06,0.78,13.42,38.912,0.1297,7.01,0,23.14,24.761,0,0,0,0,0,0,0.55,7.2,18.58,0.26,10,16.92,7.2,5.906,33.984,0.1026,6.05,0,23.75,66.867,0,0.0612,0.0443,0.0428,0.0276,0.0522,0.0662,0.1037,0.0569,3.4533,0.0017,,0.0404,0.0016,137.5809,0.0416,844.1001,0,0.0174,0.0147,0,0,0,0,0,0,0,0,0,0.005,0.004,0,0,0,0,,,,0.0158,0.0241,0,90.6258,0.0011,3.3249,0.0218,0.0227,0.4251,0,0,0,0,0,0,0,0,0,0,0,0.0343,31.216,4.5258,28.0674,74.5673,64.5534,19.1529,66.5739,0.0786,0,1.2819,0.0011,0.0472,0.016,0.0141,0.0017,2.0371,0,1.2757,4.4853,0.0988,0.0015,1.9512,0.0884,0.0151,,,254.6743,308.4461,2445.5209,129.2372,0.0604,0.0373,0.117,0.8781,0.2,0.0264,0.053,0.3207,0.0304,0.1523,0.2243,0.1523,0.295,0.1053,0.083,0,0,0,5.3185,0.211,3.5958,11.2839,0.0384,2.2935,0,6.845,7.078,0,0,0,0,0,0,0.105,1.6543,6.1302,0.0834,2.5595,9.7803,1.6543,1.5486,10.4361,0.0386,2.161,0,7.2077,26.4579,,,0,0.0208,0.0197,0.0175,0.0116,0.015,0.0368,0.0514,0.0248,1.3516,0.0006,,0.0132,0.0005,43.1682,0.0124,259.3762,0,0.005,0.0042,0.0033,0.0021,0,0,0,0,0,0,0,0.0016,0.0014,0,0,0,0,,,,0.0042,0.0084,0,28.6069,0.0004,1.067,0.007,0.0078,0.1393,0,0,0,0,0,0,0,0,0,0,0,0.0112,10.5767,1.3543,4.7214,6.7884,9.6131,2.4047,14.5595,26.7732,0,3.5962,3.4864,8.1402,591.0112,727.5687,0.5466,2.9872,0,62.9068,4.1273,3.0046,0.4508,2.9895,2.8825,3.4307,8.9414,21.8745,96.8617,20.3741,13.3836,4.616,4.7256,3.908,17.4419,32.6716,3.3841,1.0189,0.879,0.7329,0.9567,0.7444,1.1296,0.3365,0.1852,0,0,0,4.8093,7.706,9.8748,5.316,13.963,5.0332,0,3.6736,21.3129,0,0,0,0,0,0,12.0877,483.2215,5.2404,2.4935,8.5185,161.1828,38.8979,24.2582,4.8025,11.1904,4.0638,0,3.8256,69.124,0,348.8422,122.2912,491.954,41.3483,0,67.9671,494.9881,0,49.3779,1.3169,,1.6709,0.1635,7.3362,26.1645,9.7802,0,0,714.8936,0,0,0,0,0,0,0,0,0,50.2513,0,0,0,0,0,,,,3.4565,2.5393,0,11.8519,0.1067,5.6866,3.5732,2.3442,6.6474,0,0,0,0,0,0,0,0,0,0,0,1.4871,3.1027,11.5631,0.1096,0.0078,0.0026,7.116,1.0123,405.82,78.606,1.2095,11.88,0.87,0.5155,5.6551,0.3438,119.4835,2.9274,1.1068,0.956,0.082,0.0215,8.5751,,,,,,,,,533.5727,2.147,10.21,0.3167,3.4322,0.0923,1.9135,14.7511,,,,,0.4996,0.0127,0.0034,2.5374,0.0335,0.0122,0.004,36.297,-1
Wafer-525,3026.87,2436.85,2163.8667,1106.0618,1.6273,100,100.8,0.1251,1.4862,0.0014,-0.0056,0.9781,194.5337,0,7.1662,415.7168,9.4058,0.9797,185.1278,12.508,1.3904,-5558,2830,-4952.25,-415,1.287,2.0195,7.3807,66.5222,2.4778,0.2158,3.4083,85.5528,8.9546,50.458,64.1864,49.542,66.2016,86.9821,118.6376,78.38,1.831,70,352.2264,9.905,127.3464,713.2858,1.0692,139.33,1,618.9027,49.9345,0,4.588,4.846,2820,0.9352,0.9468,4.5558,3.2491,348.9891,10.5308,110.5955,12.4782,16.7509,23.4873,689.7986,0.8567,146.84,1,606.4245,69.9023,,,0,0.0052,-0.0239,0.0316,-0.0148,-0.0106,-0.1094,-0.0245,0.0239,7.1416,0.1277,,2.3616,0.9729,1821.9848,0.1883,9026.55,0.0084,0.0005,-0.007,0,0,-0.027,0,0.2062,0.0465,-0.0002,0.0001,0.0794,-0.0113,-0.0006,-0.0006,0.0069,0.0324,0.0138,,,,0.4624,0.9478,0,783.251,0.9908,57.6354,0.6114,0.9787,6.4069,15.93,4.585,15.98,15.95,1.376,2.461,0.6903,2.92,-1.655,0.7591,0.9967,2.2937,1005.3318,42.9293,149,61.2,116.1,58.7,259.343,0.2145,0,6.54,0.0042,0.1004,0.0535,0.0412,0.0065,7.2936,0,3.458,14.583,0.7373,0.0049,6.5563,0.36,0.0495,,,400,292,5394,732,0.124,0.122,0.198,2.6,0.8,0.12,0.18,0.76,0.0593,0.4036,0.6347,0.4036,0.6944,0.2679,0.141,0,0,22.61,1.211,8.42,29.341,0.1758,5.81,0,27.76,22.888,0,0,0,0,0,0,0.364,4.32,16.15,0.358,7.36,21.94,4.32,3.394,32.633,0.4068,8.97,0,21.94,102.584,0,0.0953,0.0525,0.0849,0.0731,0.0787,0.0681,0.0795,0.0481,2.8988,0.002,,0.0328,0.0025,120.9088,0.0337,896,0,0.0166,0.0142,0,0,0,0,0,0,0,0,0,0.0043,0.0038,0,0,0,0,,,,0.0138,0.0115,0,78.5765,0.0008,2.2043,0.0187,0.0062,0.6479,0,0,0,0,0,0,0,0,0,0,0,0.0215,25.494,4.0608,36.9695,21.5442,36.7185,21.3152,82.1606,0.0722,0,2.318,0.0012,0.039,0.015,0.0118,0.0023,2.31,0,1.0908,4.2967,0.2284,0.0016,2.1247,0.0969,0.0148,,,202.3001,138.2703,2547.8987,328.0803,0.0507,0.0613,0.0827,0.951,0.2539,0.0359,0.0611,0.3021,0.0227,0.153,0.2297,0.153,0.2787,0.1049,0.0629,0,0,0,6.8121,0.4022,2.3621,8.7655,0.048,1.7989,0,7.4111,7.345,0,0,0,0,0,0,0.097,1.1225,5.8033,0.1248,2.2953,10.2343,1.1225,1.1856,9.6203,0.1072,3.297,0,6.2132,36.3149,,,0,0.0254,0.0223,0.0407,0.0306,0.018,0.0369,0.0375,0.0215,1.1416,0.0006,,0.0128,0.001,44.847,0.0091,253.1117,0,0.0037,0.0042,0.002,0.0028,0,0,0,0,0,0,0,0.0015,0.0015,0,0,0,0,,,,0.0046,0.0035,0,23.2022,0.0002,0.7406,0.007,0.0019,0.2046,0,0,0,0,0,0,0,0,0,0,0,0.0066,9.1571,1.2545,6.5728,2.0219,4.7643,2.7127,23.4474,13.1809,0,6.4881,3.3567,6.7555,0,738.1859,0.6691,3.7493,0,48.2544,3.5079,7.8392,0.4977,3.5415,2.8782,3.5608,7.1968,10.318,108.9202,176.3855,9.6348,6.0411,2.6827,3.9085,32.287,55.6128,5.2812,0.8883,0.6623,0.7999,0.9888,0.8147,1.0489,0.308,0.1188,0,0,0,6.4192,12.2262,6.6119,4.1135,16.4389,4.17,0,4.4854,45.836,0,0,0,0,0,0,7.9898,132.9603,4.6277,3.3996,6.6549,175.8273,25.7896,14.4505,4.7308,47.4867,6.1087,0,3.6179,146.7535,0,0,219.8953,269.0967,493.9189,738.9671,62.2629,324.4898,201.0449,40.5903,1.5664,,1.3885,0.2563,6.6361,17.8996,9.9263,0,0,204.133,0,0,0,0,0,0,0,0,0,37.9691,608,0,0,0,0,,,,2.9784,1.2097,0,10.0321,0.0799,3.8246,3.0618,0.6338,10.112,0,0,0,0,0,0,0,0,0,0,0,0.9382,2.5359,9.4593,0.1096,0.0078,0.0026,7.116,1.5096,403.132,79.988,1.2624,11.56,2.19,0.6315,5.2016,0.9125,83.6262,2.8675,2.7379,0.9772,0.0926,0.0236,9.4814,,,,,,,,,533.7791,1.6068,9.31,0.2706,3.364,0.0782,1.7442,16.8414,,,,,0.5045,0.0212,0.0059,4.2023,0.0335,0.0122,0.004,36.297,-1
Wafer-526,2983.83,2413.65,2235.0556,1302.6607,1.6347,100,109.9856,0.123,1.5828,0.0091,-0.0045,0.9681,197.1978,0,11.2427,411.4665,10.0197,0.9807,187.1781,12.5451,1.425,-6380,3043.75,-6499,1430,0.9855,1.8912,5.1953,67.3,2.8778,0.1929,4.6652,103.1082,23.1583,57.7421,74.8511,42.2579,67.199,87.0024,127.3944,77.9,3.552,70,354.1809,10.1063,137.4791,733.2048,0.9168,138.79,1,630.45,118.7253,0,4.584,4.829,2858,0.9265,0.9493,4.5501,-1.0927,354.2364,10.4813,116.3864,11.845,21.0927,27.729,705.4758,0.987,149.3582,1,619.9809,60.3025,,,0,0.0133,-0.0913,-0.0086,-0.0505,0.0064,-0.0723,-0.0303,0.0379,6.9292,0.1322,,2.4389,0.9894,1772.8633,0.1968,8867.06,0.0658,-0.0009,0.0001,0,0.0001,-0.0806,0,0.1025,0.0651,0.0001,0,-0.1411,-0.0109,-0.0009,0.0009,-0.0001,-0.1377,-0.0635,,,,0.4432,0.9412,0,774.5916,0.9917,58.0151,0.6036,0.9677,6.3531,15.92,4.567,15.99,15.99,1.338,2.803,0.6982,3.019,0.2365,0.7287,0.9959,2.2728,1008.7232,39.0136,141,174.4,147.4,52.7002,340.736,0.0928,0,5.95,0.0032,0.2271,0.0517,0.044,0.01,5.719,0,5.091,14.337,0.8054,0.0051,4.9241,0.27,0.0649,,,515,641,8121,211,0.119,0.075,0.271,3.2,0.8,0.107,0.179,0.792,0.2011,0.16,0.4391,0.16,0.7855,0.3025,0.209,0,0,18.36,0.711,13.33,37.793,0.0836,7.68,0,23.41,30.347,0,0,0,0,0,0,0.55,4.13,20.05,0.396,12.19,12.18,4.13,5.378,33.358,0.5162,13.17,0,21.02,109.262,0,0.0429,0.0559,0.0245,0.0857,0.045,0.0937,0.0828,0.1423,5.5516,0.0059,,0.047,0.002,152.8048,0.0629,847.9004,0,0.0256,0.021,0,0,0,0,0,0,0,0,0,0.0053,0.0045,0,0,0,0,,,,0.2193,0.02,0,94.5694,0.0005,3.3436,0.0252,0.0201,0.3902,0,0,0,0,0,0,0,0,0,0,0,0.0322,30.558,5.223,36.8516,55.0739,53.3765,17.5117,102.5782,0.0315,0,1.8399,0.001,0.0886,0.0168,0.0126,0.0032,1.7404,0,1.8204,4.0455,0.2363,0.0016,1.5368,0.0798,0.0249,,,216.9531,269.0965,3649.1942,89.0431,0.0487,0.0344,0.1266,0.9605,0.2587,0.0353,0.0573,0.3219,0.0816,0.0645,0.1818,0.0645,0.2957,0.1215,0.089,0,0,0,5.8811,0.2388,3.6408,11.3675,0.0277,2.7703,0,6.7731,8.3657,0,0,0,0,0,0,0.105,1.3739,6.1599,0.1131,3.0758,10.3224,1.3739,1.8408,11.0523,0.1637,3.6431,0,5.9734,34.1562,,,0,0.0131,0.0242,0.0111,0.0445,0.012,0.0466,0.0436,0.074,1.8342,0.0017,,0.0138,0.0006,50.0358,0.0177,268.3078,0,0.0062,0.0063,0.003,0.0032,0,0,0,0,0,0,0,0.0017,0.0016,0,0,0,0,,,,0.0611,0.0066,0,29.3507,0.0002,0.8507,0.0083,0.0065,0.1332,0,0,0,0,0,0,0,0,0,0,0,0.0106,11.6371,1.8206,6.2522,5.8448,6.1069,2.3579,26.1569,5.6797,0,5.4098,2.601,14.348,568.1319,975.0693,1.037,2.9002,0,45.2826,3.4844,8.0382,0.5172,2.6307,2.1522,4.5516,8.0721,21.0595,124.9577,14.7552,12.0751,3.9656,5.2163,4.7548,27.7992,55.4724,3.8369,0.7681,0.8684,0.2771,0.5866,0.3786,1.1689,0.3477,0.1641,0,0,0,5.1838,7.0352,9.696,5.1545,9.1137,5.5335,0,3.7132,25.5607,0,0,0,0,0,0,12.0877,377.9534,5.6601,3.7782,10.4737,102.8283,19.5802,19.3949,4.7284,52.2977,8.8177,0,3.3904,181.19,0,321.4988,61.21,286.5497,169.787,706.5751,129.5093,273.493,375.2142,80.1193,4.4644,,1.9282,0.2063,8.6191,31.973,9.5624,0,0,0,0,0,0,0,0,0,0,0,0,48.5126,514.2857,0,0,0,0,,,,49.4715,2.1275,0,12.2089,0.0494,5.7634,4.1746,2.0748,6.1425,0,0,0,0,0,0,0,0,0,0,0,1.4182,3.0294,13.3877,0.1096,0.0078,0.0026,7.116,0.9944,408.328,80.302,1.0284,15.78,1.58,0.4448,7.6585,0.5686,103.4141,3.8645,1.9676,1.0364,0.7563,0.2042,72.9703,,,,,,,,,535.1664,2.0973,7.19,0.2556,2.2021,0.0745,1.3435,12.1875,,,,,0.5008,0.0127,0.004,2.5286,0.0335,0.0122,0.004,36.297,-1
Wafer-527,2923.26,2548.34,2216.4778,1242.235,0.8379,100,105.1111,0.1233,1.587,-0.0191,0.0064,0.9668,200.2693,0,10.4684,413.349,9.6348,0.9789,190.6345,12.4849,1.4062,-5630.75,3050.5,-4901.75,11034.75,1.3068,1.9838,7.4213,65.2,0.7111,0.0372,3.5219,85.8807,9.754,50.2775,63.9959,49.7225,66.5687,87.1954,118.0116,65.11,3.462,70,353.6882,10.104,136.9836,734.0079,1.3916,143.1873,1,633.8591,197.9676,0,4.587,4.831,2856,0.927,0.9495,4.5556,0.2536,352.9909,10.4539,117.2373,15.8009,19.7464,28.3785,705.6295,0.9113,147.83,1,618.0582,95.9877,,,0,-0.0023,-0.0448,-0.0095,-0.0509,0.0261,-0.0802,-0.0139,-0.0085,7.341,0.1342,,2.4345,0.9812,1739.3732,0.2033,9141.3299,0.057,-0.0028,-0.0003,0,0,0.0607,0,-0.1176,-0.0651,0,-0.0001,0.024,-0.0126,0.0009,0.0029,0.0002,-0.1793,-0.0735,,,,0.4633,0.9301,0.0007,773.3142,0.9909,58.3607,0.6009,0.9759,6.3499,15.92,4.92,15.96,15.96,1.399,2.471,0.7857,3.062,-0.0946,0.7436,0.9971,2.3063,1006.0844,39.14,150,75.7,74.7,53.3,180.863,0.2243,0,3.78,0.0043,0.0639,0.0326,0.0577,0.0117,9.5523,0,6.374,3.866,0.4394,0.0063,9.1457,0.3,0.0232,,,300,354,6120,14342,0.067,0.045,0.116,3.9,1.7,0.09,0.623,0.4955,0.0807,0.3767,0.5871,0.3767,0.9365,0.2261,0.166,0,0,18.34,0.67,14.02,37.631,0.1189,11.17,0,19.14,60.335,0,0,0,0,0,0,0.271,6.89,17.69,0.312,8.22,18.51,6.89,6.337,31.294,0.17,8.49,0,18.51,89.205,0,0.0938,0.0416,0.0387,0.0154,0.108,0.0803,0.0856,0.0566,4.1343,0.0032,,0.0568,0.0102,85.0316,0.1041,1023.7998,0,0.0199,0.0163,0,0,0,0,0,0,0,0,0,0.0087,0.0056,0,0,0,0,,,,0.0157,0.0552,0.0068,116.9719,0.001,2.5138,0.0251,0.0033,0.563,0,0,0,0,0,0,0,0,0,0,0,0.0343,31.216,4.5258,40.2363,25.4912,25.3304,19.1529,66.5739,0.0786,0,1.2819,0.0011,0.0221,0.0092,0.016,0.0041,3.3278,0,2.3301,1.151,0.129,0.0021,3.2087,0.0849,0.0084,,,127.4765,171.9486,2986.7497,6547.8735,0.0293,0.02,0.0487,1.0559,0.7149,0.034,0.1861,0.2118,0.0379,0.147,0.222,0.147,0.358,0.1003,0.0648,0,0,0,5.0449,0.207,3.7642,11.0746,0.0364,3.1026,0,5.8897,15.0319,0,0,0,0,0,0,0.0848,1.7943,5.8989,0.0865,2.4254,9.0601,1.7943,1.835,10.1299,0.0473,2.5919,0,5.844,26.877,,,0,0.0257,0.0177,0.0184,0.0078,0.0305,0.0358,0.0418,0.0241,1.4038,0.0008,,0.0164,0.0029,26.5595,0.0306,307.9922,0,0.0065,0.0042,0.0022,0.0031,0,0,0,0,0,0,0,0.0025,0.0016,0,0,0,0,,,,0.005,0.0168,0.0021,33.3992,0.0004,0.6542,0.0082,0.001,0.1827,0,0,0,0,0,0,0,0,0,0,0,0.0112,10.5767,1.3543,6.3582,2.5896,2.9313,2.4047,14.5595,26.7732,0,3.5962,3.4864,4.0265,170.2906,898.0545,1.2137,4.7697,0,60.8882,0.9353,4.5602,0.6415,4.7975,2.4029,1.6498,5.3279,11.6047,124.8534,129.9712,5.1272,2.2684,1.5631,5.9816,239.0625,241.791,17.6894,0.577,0.8274,0.7492,0.9174,0.7576,1.4068,0.2593,0.1407,0,0,0,5.1854,6.631,10.2348,5.1268,8.5405,7.801,0,3.0196,30.4772,0,0,0,0,0,0,5.9487,0,5.0115,2.9845,7.0114,117.1451,34.8925,22.3303,4.4349,18.659,5.7431,0,2.9949,92.9338,0,0,92.8571,407.3684,30.2405,414.4879,100.1247,614.7217,663.9296,56.3176,2.3853,,2.3343,1.039,4.8886,51.1943,11.1997,0,699.7802,0,0,0,0,0,0,0,0,0,0,69.1162,640,0,0,0,0,,,,3.3868,5.9314,0,15.1261,0.1006,4.3074,4.1847,0.3345,8.8665,0,0,0,0,0,0,0,0,0,0,0,1.4871,3.1027,11.5631,0.1096,0.0078,0.0026,7.116,,,,,,,,,,,,,0.964,0.2003,0.0413,20.7785,,,,,,,,,532.1109,2.0349,9.49,0.2684,3.3041,0.0757,1.7835,13.1891,,,,,0.4955,0.0088,0.0028,1.774,0.0335,0.0122,0.004,36.297,-1
Wafer-528,2967.53,2545.77,2155.6333,1070.0439,0.8024,100,101.4333,0.1241,1.5267,0.0228,0.0068,0.9715,199.386,0,9.6348,419.3355,9.4583,0.9744,189.9278,12.5351,1.4006,-5473.25,2589.25,417,-3844.6667,1.3153,2.0035,7.372,68.6,2.1222,0.1899,3.4189,85.1669,8.3324,50.4421,64.154,49.5579,66.2381,86.8346,118.4616,77.63,3.385,70,359.8564,9.9199,144.4655,749.0093,0.8981,134.83,1,639.1518,127.2692,0,4.643,4.857,2852,0.9236,0.9558,4.4987,-0.7036,362.2455,10.087,123.7618,8.4078,20.7036,26.841,722.1683,0.9847,146.0609,1,632.0682,78.0255,,,0,-0.0168,-0.0558,-0.0223,-0.1009,0.0124,-0.0723,-0.0202,-0.0295,8.0846,0.1373,,2.4694,0.9904,1788.815,0.1721,8605.28,-0.0723,-0.0053,-0.0002,0.0003,0.0003,-0.4489,0,0.9138,0.0521,0,0.0004,-0.0173,-0.012,-0.0007,0.0054,0.0002,-0.2867,-0.1271,,,,0.4701,0.9763,0,731.9925,0.9905,58.1742,0.6092,0.9655,6.3727,15.92,4.567,15.99,15.99,1.338,2.803,0.6982,3.019,0.2365,0.7287,0.9959,2.2728,1008.7232,39.0136,81,61.3,89.1,55.2,330.043,0.1043,0,7.38,0.0033,0.0825,0.0572,0.0493,0.0146,10.7803,0,5.121,3.621,0.5195,0.0099,10.2608,0.26,0.0534,,,307,300,16468,6072,0.053,0.109,0.175,1.9,1.5,0.164,0.393,0.9912,0.2526,0.2366,0.5231,0.2366,0.7471,0.2097,0.289,0,0,19.21,0.625,11.69,36.772,0.1223,10.54,0,21.78,31.296,0,0,0,0,0,0,0.252,6.92,10.61,1.011,12.18,19.06,6.92,7.103,37.126,0.397,7.11,0,24.73,147.348,0,0.0772,0.1015,0.0172,0.0395,0.055,0.0631,0.0693,0.0415,2.423,0.0087,,0.0445,0.0009,132.3302,0.0416,1226.8999,0,0.0545,0.0212,0,0,0,0,0,0,0,0,0,0.0047,0.0057,0,0,0,0,,,,0.0798,0.0082,0,130.6542,0.0008,1.9631,0.0234,0.02,0.4206,0,0,0,0,0,0,0,0,0,0,0,0.0322,30.558,5.223,22.7229,19.4421,28.4559,20.3445,116.5224,0.0379,0,2.2388,0.001,0.032,0.0173,0.0158,0.0049,3.4331,0,1.6541,1.1913,0.1572,0.0032,3.3048,0.0787,0.0209,,,132.7137,122.7772,7971.4689,3261.07,0.0249,0.051,0.0772,0.7018,0.538,0.0545,0.1245,0.3511,0.1041,0.1036,0.1928,0.1036,0.3089,0.0919,0.1154,0,0,0,5.5866,0.2142,3.0988,10.9962,0.0316,2.919,0,6.6613,9.2011,0,0,0,0,0,0,0.0806,2.2379,3.7569,0.3113,3.8333,8.8965,2.2379,2.3503,11.3837,0.1197,2.4426,0,7.5694,42.4725,,,0,0.0251,0.0487,0.007,0.0171,0.0139,0.0319,0.0371,0.0235,0.9043,0.0025,,0.0142,0.0003,42.8612,0.0167,350.8352,0,0.0125,0.0059,0.0086,0.0055,0,0,0,0,0,0,0,0.0015,0.0021,0,0,0,0,,,,0.0198,0.0024,0,37.3043,0.0003,0.691,0.0074,0.0059,0.1427,0,0,0,0,0,0,0,0,0,0,0,0.0106,11.6371,1.8206,3.6701,2.0657,3.4999,2.5607,30.8439,13.004,0,7.2757,2.6581,5.4038,251.4286,728.3472,1.5064,5.4067,0,53.151,0.8635,5.4929,1.0179,5.4025,2.0742,3.8105,5.6091,11.5864,0,157.9331,4.0297,5.4405,2.3738,2.7697,70.6806,86.3663,11.495,1.1638,3.032,0.4691,0.8154,0.4774,1.1279,0.2415,0.244,0,0,0,5.3382,6.3005,8.0919,4.9094,13.6217,7.8172,0,3.4076,24.5904,0,0,0,0,0,0,5.6016,983.4625,2.9289,10.0228,9.8415,226.6942,33.4241,26.4632,5.1409,40.3194,4.8678,0,3.9126,188.8458,0,459.0115,182.0628,77.2166,39.1671,443.996,87.3054,342.2222,140.9168,29.9704,6.3632,,1.8035,0.0883,7.3976,24.1927,14.2575,0,0,0,0,0,0,0,0,0,0,0,0,39.2894,814.2857,0,0,0,0,,,,16.9746,0.8445,0,17.8491,0.0793,3.3745,3.8461,2.0727,6.6006,0,0,0,0,0,0,0,0,0,0,0,1.4182,3.0294,13.3877,0.1096,0.0078,0.0026,7.116,0.7409,399.692,74.25,0.2395,14.59,0.47,0.1089,6.7742,0.1823,32.3307,3.6503,0.633,0.9721,0.4442,0.0758,45.6897,,,,,,,,,589.5082,2.0367,452.54,0.6724,138.2373,0.2255,76.7657,33.0129,,,,,0.5019,0.0124,0.0031,2.4606,0.0335,0.0122,0.004,36.297,-1
Wafer-529,2996.16,2449.26,2180.7,1159.3838,1.0177,100,98.9367,0.1222,1.4616,-0.01,0.0037,0.9583,199.3767,0,8.4764,400.0975,10.725,0.9739,188.6517,12.5227,1.409,-5611.5,2770.25,-3734.6667,-2479.5,1.3155,2.0005,7.348,66,2.2333,0.1888,3.342,84.7226,8.9635,50.5609,64.2798,49.4391,66.2774,86.9622,118.5886,77.84,3.243,70,360.0355,9.9385,139.8255,742.7117,0.9261,138.0236,1,637.8845,125.8539,0,4.659,4.911,2848,0.928,0.9487,4.5337,3.73,360.4655,10.2115,123.5555,12.2001,16.27,20.899,721.8127,1.0201,144.3464,1,628.3673,55.2647,,,0,-0.0173,-0.0584,0.0007,-0.0935,0.0213,-0.086,-0.0046,-0.0326,7.5661,0.1306,,2.3988,0.9915,1800.4917,0.1561,8328.6299,0.029,0.0007,0.0063,-0.0002,0,0.2729,0,-0.3516,-0.0112,-0.0003,-0.0002,0.0338,-0.011,0.0001,-0.0007,-0.0064,0.1123,-0.0475,,,,0.458,0.9563,0,645.7231,0.9912,59.1681,0.6002,0.9751,6.2531,15.95,4.41,16.01,15.97,1.447,2.875,0.6809,3.118,-0.5204,0.7232,0.9961,2.2771,1007.4808,38.3809,125,138.6,202.4,45.7,442.248,0.2324,0,8.7,0.0049,0.1143,0.0546,0.0444,0.0192,10.574,0,2.825,14.801,0.3803,0.0098,10.2281,0.28,0.0463,,,661,556,126,2896,0.249,0.099,0.174,2.1,1.2,0.14,0.624,0.6475,0.072,0.2169,0.5249,0.2169,0.7847,0.2436,0.184,0,0,19.41,0.824,11.76,35.678,0.0633,10.52,0,25.7,18.411,0,0,0,0,0,0,0.224,6.47,14.05,1.491,11.9,10.06,6.47,6.441,37.814,0.6379,13.27,0,20.41,112.652,0,0.0491,0.0435,0.0708,0.0404,0.0542,0.1033,0.0644,0.0455,3.3629,0.0105,,0.0851,0.0012,148.652,0.0339,623.7002,0,0.0235,0.0136,0,0,0,0,0,0,0,0,0,0.0023,0.0041,0,0,0,0,,,,0.0161,0.0212,0,72.2847,0.0006,2.9644,0.0264,0.0041,0.4438,0,0,0,0,0,0,0,0,0,0,0,0.0413,31.723,2.7649,33.1282,53.1489,69.2086,18.9786,125.7819,0.0708,0,2.5498,0.0015,0.0349,0.0136,0.0137,0.0066,3.3469,0,0.7579,5.2846,0.1125,0.0033,3.2769,0.0695,0.0174,,,297.0617,241.7387,64.0495,1198.2767,0.104,0.0435,0.0799,0.7681,0.3873,0.044,0.1847,0.261,0.0274,0.0901,0.2068,0.0901,0.3216,0.1076,0.0825,0,0,0,6.7593,0.2849,3.3691,11.1104,0.0206,3.3227,0,7.4496,7.1298,0,0,0,0,0,0,0.0775,1.7411,4.3927,0.407,3.8601,10.3402,1.7411,1.5776,10.9272,0.1763,4.1505,0,6.8039,30.4611,,,0,0.0147,0.0182,0.0331,0.0217,0.0141,0.0557,0.0293,0.0211,1.1761,0.003,,0.0265,0.0003,49.1085,0.0119,233.201,0,0.0055,0.0035,0.0048,0.0023,0,0,0,0,0,0,0,0.001,0.0014,0,0,0,0,,,,0.0054,0.0059,0,23.6225,0.0002,0.7775,0.0094,0.0012,0.1472,0,0,0,0,0,0,0,0,0,0,0,0.0135,11.4372,0.8707,5.6721,4.6259,8.2637,2.0957,38.1451,22.8359,0,8.7935,4.0107,7.8203,543.2836,0,2.0029,5.3035,0,33.328,3.6993,3.5458,1.0107,5.4217,2.2359,3.2838,11.7794,20.0704,3.3738,116.7977,18.9282,4.9488,2.368,3.1818,53.7313,74.1613,18.6715,0.7643,0.8028,0.429,0.8166,0.4387,1.184,0.2801,0.1552,0,0,0,5.3911,8.2909,8.4105,4.8037,6.8373,7.6219,0,4.0289,14.6289,0,0,0,0,0,0,4.9408,173.4584,3.8977,14.6011,9.6313,82.4586,39.7664,30.8196,5.2388,62.5341,9.1932,0,3.2481,203.8407,0,283.3033,74.4863,0,43.2201,254.0873,120.0814,0,139.3568,44.4465,8.0405,,3.5477,0.118,8.2562,21.7002,7.4886,0,0,214.5957,0,0,0,0,0,0,0,0,0,20.9567,0,0,0,0,0,,,,3.5156,2.221,0,11.1944,0.0558,5.0102,4.3975,0.419,7.0973,0,0,0,0,0,0,0,0,0,0,0,1.8115,3.1487,7.2038,0.1096,0.0078,0.0026,7.116,0.8613,400.742,81.548,0.3647,17.49,1.61,0.1702,8.4276,0.7135,42.3374,4.3644,1.9743,0.9446,0.3259,0.0726,34.4987,,,,,,,,,536.2118,1.9617,9.64,0.3201,3.3571,0.0883,1.7978,16.3179,,,,,0.5033,0.0132,0.0039,2.6314,0.0335,0.0122,0.004,36.297,-1
Wafer-530,3072.99,2471.62,2126.6555,1015.077,1.4381,100,102.4733,0.1255,1.5006,-0.0321,-0.0087,0.9698,197.3168,0,10.9411,406.7105,9.4798,0.9736,187.837,12.5351,1.4005,-6382.5,2995.75,-3447,1495.75,0.9755,1.881,5.0473,68.8,1.9444,0.1397,4.6367,83.6359,9.7836,50.2716,64.1163,49.7284,66.5667,87.2,117.9252,66.12,3.242,70,360.4636,9.8767,146.1582,751.6531,0.8908,134.9173,1,641.5391,121.8364,0,4.643,4.857,2852,0.9236,0.9558,4.4987,-0.4173,361.2082,10.127,125.7409,11.4469,20.4173,27.1259,724.5272,0.9373,145.7555,1,632.7045,71.7535,,,0,0.0109,-0.0815,0.0159,-0.0869,-0.0104,-0.0964,-0.0081,-0.0024,6.7418,0.1385,,2.3802,0.9871,1763.0268,0.1872,9137.5001,-0.0346,0.0008,0.0022,0.0001,0.0001,-0.1597,0,0.233,-0.0512,0.0001,0.0001,0.0161,-0.0108,0.0007,-0.0008,-0.0022,-0.0415,0.0011,,,,0.4633,0.9424,0,778.3407,0.9914,58.2714,0.6,0.9772,6.3482,15.92,4.92,15.96,15.96,1.399,2.471,0.7857,3.062,-0.0946,0.7436,0.9971,2.3063,1006.0844,39.14,86,160.3,137.4,55.0999,252.0059,0.1443,0,7.39,0.0042,0.1088,0.0738,0.0449,0.0156,11.0911,0,6.65,14.211,0.825,0.011,10.3517,0.26,0.0568,,,531,655,357,153,0.127,0.093,0.181,2.7,0.7,0.068,0.098,0.5844,0.0617,0.3105,0.5844,0.3105,0.7618,0.2439,0.192,0,0,22.45,0.758,14.11,37.374,0.1121,12.63,0,23.48,25.977,0,0,0,0,0,0,0.252,4.64,22.15,1.216,14.09,20.16,4.64,6.18,39.539,0.2166,14.48,0,26.11,95.869,0,0.09,0.0435,0.0773,0.0682,0.0503,0.0616,0.1108,0.0563,4.7725,0.0029,,0.0358,0.0023,124.1927,0.0413,805.9004,0,0.012,0.0084,0,0,0,0,0,0,0,0,0,0.0037,0.0028,0,0,0,0,,,,0.0175,0.0245,0,80.1763,0.0004,2.6445,0.0214,0.0055,0.5906,0,0,0,0,0,0,0,0,0,0,0,0.0343,31.216,4.5258,22.9356,56.2574,50.4749,20.1685,84.2543,0.0475,0,2.6595,0.0013,0.0372,0.0196,0.0114,0.0053,3.3832,0,2.2186,3.58,0.2416,0.0035,3.1875,0.0787,0.0214,,,234.9503,273.4476,179.2568,67.2774,0.0519,0.0383,0.0808,0.8322,0.2297,0.0219,0.0336,0.2303,0.0313,0.122,0.2497,0.122,0.2973,0.1059,0.0821,0,0,0,7.353,0.2506,3.6235,11.4628,0.0334,4.0338,0,6.978,8.6456,0,0,0,0,0,0,0.0806,1.3416,6.3193,0.3854,4.0775,11.1841,1.3416,1.721,11.9241,0.0862,4.4533,0,8.1134,29.0347,,,0,0.0254,0.0197,0.0326,0.0295,0.0133,0.0306,0.0488,0.0276,1.9053,0.0009,,0.0129,0.0009,42.0521,0.0112,213.809,0,0.0038,0.0026,0.0035,0.0019,0,0,0,0,0,0,0,0.0013,0.0011,0,0,0,0,,,,0.0053,0.0072,0,20.34,0.0002,0.6938,0.0085,0.0016,0.187,0,0,0,0,0,0,0,0,0,0,0,0.0112,10.5767,1.3543,3.808,5.2164,5.5591,2.5909,24.8263,10.0314,0,7.2116,3.3457,7.2507,229.6829,518.7004,1.6039,5.6209,0,60.7801,3.4941,8.7022,1.1263,5.511,2.0742,4.0577,8.3196,21.8643,10.3568,10.229,13.019,4.9442,3.5861,3.9244,36,48.6874,2.1136,0.6987,0.6306,0.6176,0.9115,0.6244,1.1444,0.2797,0.1628,0,0,0,6.2281,7.6746,9.6539,4.9722,12.5851,9.3613,0,3.6599,21.3212,0,0,0,0,0,0,5.6016,0,6.1322,12.0075,11.2056,176.118,22.7259,22.7827,5.4572,23.1128,9.9344,0,4.1267,133.6089,0,821.9178,53.3579,486.9291,78.4584,485.4041,63.9004,0,0,70.7899,2.0935,,1.5059,0.2348,7.0443,22.0691,8.8197,0,0,380.7365,0,0,0,0,0,0,0,0,0,34.1801,407.2727,0,0,0,0,,,,3.7746,2.5987,0,10.3009,0.0451,4.5383,3.5699,0.563,9.303,0,0,0,0,0,0,0,0,0,0,0,1.4871,3.1027,11.5631,0.1096,0.0078,0.0026,7.116,1.2197,409.156,75.02,1.1083,17.83,0.4,0.4324,8.6858,0.1548,90.864,4.3577,0.5332,0.9425,0.163,0.0336,17.2927,264.906,0.852,4.43,0.1641,2.1123,0.071,1.6723,19.2648,536.15,1.9941,8.78,0.3613,3.2879,0.099,1.6376,18.1211,,,,,0.505,0.0174,0.0042,3.4384,0.0335,0.0122,0.004,36.297,-1
Wafer-531,3017.28,2590.95,2124.8444,1180.282,0.8465,100,100.7978,0.1257,1.5211,0.0206,-0.0159,0.969,200.4979,0,11.4927,416.3685,9.6928,0.9734,190.8051,12.4892,1.3804,-5666.25,2776.75,-3766.5,-186.75,1.2898,2.0528,7.45,68.6333,2.3889,0.1896,3.4868,85.2505,8.7812,50.3349,64.0886,49.6651,66.1006,86.6597,119.2232,79.07,3.103,70,355.0418,10.2755,130.3027,727.252,1.4224,143.7591,1,629.1036,161.6224,0,4.6,4.859,2858,0.9314,0.9465,4.4982,1.4464,353.7873,10.6531,111.7491,14.8863,18.5536,23.7545,703.4975,0.9854,148.6809,1,614.2173,112.3516,,,0,0.0183,-0.057,-0.0371,-0.0384,0.0317,-0.0872,-0.0227,-0.0046,7.2088,0.1299,,2.3732,0.9906,1814.3331,0.1597,8589.6398,0.006,-0.0019,0.0015,-0.0001,0,0.1703,0,-0.1523,0.0149,-0.0003,-0.0001,-0.0077,-0.0118,-0.0002,0.0019,-0.0015,-0.0553,-0.0389,,,,0.4593,0.93,0,743.0132,0.9905,59.6185,0.6105,0.9691,6.2904,15.95,4.41,16.01,15.97,1.447,2.875,0.6809,3.118,-0.5204,0.7232,0.9961,2.2771,1007.4808,38.3809,139,124.4,52.3,57.4001,533.8361,0.12,0,8.15,0.0037,0.1316,0.0745,0.0468,0.0088,7.4456,0,7.105,9.773,0.3941,0.0074,7.188,0.36,0.1164,,,725,120,933,962,0.078,0.118,0.081,1.7,1.8,0.147,0.603,0.7017,0.0929,0.356,0.3964,0.3561,0.7394,0.2455,0.248,0,0,20.23,0.23,19.27,18.877,0.1945,4.2,0,17.41,69.012,0,0,0,0,0,0,0.282,13.99,22.31,0.873,31.75,23.35,13.99,13.615,29.086,0.2025,7.13,0,23.35,28.007,0,0.1201,0.0489,0.0294,0.0835,0.0883,0.0573,0.0825,0.0787,1.857,0.002,,0.0985,0.0005,74.6156,0.0479,744,0,0.0148,0.0106,0,0,0,0,0,0,0,0,0,0.0077,0.0043,0,0,0,0,,,,0.0158,0.024,0,84.6305,0.001,2.7317,0.0141,0.0227,0.4343,0,0,0,0,0,0,0,0,0,0,0,0.0413,31.723,2.7649,34.3845,41.8918,16.7901,22.0891,170.3666,0.0368,0,2.5067,0.0011,0.0415,0.019,0.0132,0.0031,2.4669,0,2.5033,3.1125,0.1405,0.0024,2.3461,0.0884,0.042,,,314.8411,51.0123,421.9419,442.6506,0.0406,0.0519,0.038,0.4899,0.551,0.0429,0.2075,0.2774,0.0383,0.173,0.1621,0.173,0.2935,0.1054,0.1029,0,0,0,6.554,0.0818,5.4928,6.2726,0.0561,1.314,0,5.2094,22.4284,0,0,0,0,0,0,0.0929,3.6962,6.6481,0.2311,8.7661,12.3822,3.6962,3.9589,9.3259,0.057,2.267,0,6.4897,8.4476,,,0,0.0284,0.0232,0.0151,0.0388,0.0256,0.0276,0.0445,0.0372,0.68,0.0007,,0.029,0.0002,20.7063,0.0126,228.0939,0,0.0035,0.0031,0.0034,0.0018,0,0,0,0,0,0,0,0.0024,0.0017,0,0,0,0,,,,0.0052,0.0074,0,29.9005,0.0003,0.9,0.0055,0.007,0.1394,0,0,0,0,0,0,0,0,0,0,0,0.0135,11.4372,0.8707,6.114,4.1229,2.0186,2.7014,45.2295,14.1805,0,8.0855,2.9429,8.6518,361.3216,294.3396,0.9116,3.7135,0,61.8217,2.3472,4.0655,0.7595,3.7672,2.8825,8.4311,12.7951,4.3216,24.771,515.1272,6.0477,5.7484,1.0872,2.4769,75.3488,77.5498,17.2939,0.8231,1.0578,0.7073,0.6185,0.717,1.1186,0.2833,0.208,0,0,0,5.6979,2.2383,14.7886,2.5957,13.6717,2.9216,0,2.7674,42.6995,0,0,0,0,0,0,6.2692,967.2532,6.3061,8.1948,28.4119,156.8551,75.403,57.3155,4.1345,20.55,4.7955,0,3.8016,24.928,0,656.0601,85.8271,79.2453,217.5896,278.8788,65.711,363.0363,0,25.7597,1.5391,,4.1487,0.0526,4.1126,30.0109,8.6616,0,789.3333,683.871,0,0,0,0,0,0,0,0,0,65.1163,0,0,0,0,0,,,,3.4478,2.5821,0,11.3902,0.0997,4.582,2.3074,2.3451,6.9034,0,0,0,0,0,0,0,0,0,0,0,1.8115,3.1487,7.2038,0.1096,0.0078,0.0026,7.116,0.9812,405.912,81.65,0.3509,13.87,1.62,0.1715,6.501,0.6762,35.7651,3.417,1.9841,0.9603,0.588,0.0989,61.233,,,,,,,,,533.0327,2.0001,9.3,0.3841,3.3142,0.1102,1.7447,19.206,0.0164,0.0093,0.0025,56.705,0.501,0.0157,0.0035,3.125,0.0164,0.0093,0.0025,56.705,-1
Wafer-532,3009.4,2436.38,2164.3,1031.4032,1.3626,100,102.1322,0.1242,1.574,-0.0116,-0.0051,0.9635,199.8059,0,7.0985,416.359,10.0227,0.9792,189.7833,12.4824,1.4105,-5523.75,2576.5,1889.25,4327,1.2997,2.0347,7.289,70.9,2.1556,0.1822,3.4168,84.7348,8.6706,49.9566,64.5635,50.0434,65.8977,86.8967,118.1992,77.84,3.515,70,352.8573,10.2864,130.3609,723.8464,0.9583,139.8736,1,623.0918,123.1063,0,4.566,4.796,2876,0.9295,0.9521,4.5089,4.8364,352.92,10.4793,115.1973,6.5598,15.1636,20.0445,703.8019,0.9296,149.5873,1,617.7045,103.1089,,,0,0.0083,-0.0615,-0.0052,-0.0796,0.0033,-0.0995,-0.0178,-0.008,7.832,0.1318,,2.4469,0.99,1809.8939,0.2022,8373.26,-0.0938,0.0065,0.0011,0.0001,0.0001,-0.2112,0,0.2946,0.0353,0.0002,0.0001,-0.0285,-0.0095,-0.0005,-0.0065,-0.0011,-0.0101,0.0682,,,,0.4624,0.957,0,722.5858,0.9914,59.8646,0.5989,0.9732,6.2049,15.91,3.193,15.96,15.95,1.04,2.662,0.5172,3.093,0.3311,0.7884,0.9969,2.3378,1008.7769,43.0959,82,138,140.1,45.7002,230.117,0.1287,0,6.83,0.0043,0.1608,0.04,0.0377,0.0127,7.2755,0,4.097,13.44,1.0862,0.0057,6.9328,0.28,0.0466,,,571,302,11072,16616,0.097,0.086,0.232,2.2,1.1,0.103,0.438,0.4945,0.0975,0.4189,0.5131,0.4189,0.7879,0.0735,1.123,0,0,19.86,0.237,22.26,20.658,0.0986,5.72,0,14.99,39.93,0,0,0,0,0,0,0.306,17.67,27.43,0.564,37.72,15.22,17.67,21.187,37.166,0.3432,13.96,0,20.84,133.046,0,0.0634,0.0451,0.0336,0.0213,0.0427,0.109,0.0892,0.0429,3.5341,0.0039,,0.0244,0.0006,86.4391,0.054,582.6006,0,0.016,0.017,0,0,0,0,0,0,0,0,0,0.0045,0.005,0,0,0,0,,,,0.0182,0.0185,0,69.2999,0.0004,2.8531,0.0272,0.0141,0.5264,0,0,0,0,0,0,0,0,0,0,0,0.0304,25.375,3.5779,24.5398,48.6255,47.3265,17.463,86.4589,0.0401,0,2.5113,0.0012,0.0549,0.0105,0.0109,0.0041,2.3782,0,1.0716,4.5557,0.2951,0.002,2.1833,0.0821,0.0166,,,251.187,141.6322,4709.1321,8473.1002,0.0442,0.0399,0.1002,0.7842,0.3972,0.0387,0.1374,0.2281,0.0386,0.1608,0.1863,0.1608,0.2996,0.034,0.457,0,0,0,6.8081,0.0799,6.4777,6.7104,0.0292,2.0263,0,4.5989,9.7684,0,0,0,0,0,0,0.1017,4.5988,7.9875,0.1621,10.3599,14.3959,4.5988,5.2593,10.8054,0.0892,3.8684,0,6.2228,38.8822,,,0,0.0148,0.0215,0.0164,0.0093,0.0131,0.054,0.0499,0.0198,1.2024,0.0014,,0.0102,0.0002,25.6649,0.0185,176.1937,0,0.0045,0.0044,0.0034,0.0025,0,0,0,0,0,0,0,0.0014,0.0018,0,0,0,0,,,,0.0052,0.0069,0,20.1077,0.0001,0.7282,0.0094,0.0051,0.1781,0,0,0,0,0,0,0,0,0,0,0,0.0111,10.5761,1.1475,3.8361,4.5856,5.7503,2.1115,22.3111,9.4461,0,6.6874,3.4632,10.216,343.9011,733.82,1.3143,3.6413,0,57.7161,3.228,10.8369,0.5803,3.653,2.2431,3.3016,10.3372,11.7213,586.0527,384.0074,7.463,4.2266,3.1829,3.103,51.0309,56.5244,12.8191,0.5836,1.1239,0.8385,0.7947,0.8371,1.1956,0.0846,0.9501,0,0,0,5.6283,2.304,17.0757,2.8539,10.2884,4.0894,0,2.4057,32.4354,0,0,0,0,0,0,6.7865,365.3571,7.7723,5.3821,32.7438,232.0189,116.5288,105.6999,5.2807,36.9164,9.3323,0,3.3738,129.0344,0,762.7068,73.3035,640,26.7672,0,109.6028,501.8284,537.931,45.1235,2.96,,0.9992,0.0596,4.7759,26.7005,6.9579,0,244.9761,0,0,0,0,0,0,0,0,0,0,47.1204,0,0,0,0,0,,,,3.9263,1.9314,0,9.5905,0.0427,4.7659,4.5351,1.4514,8.4838,0,0,0,0,0,0,0,0,0,0,0,1.3018,2.5154,8.3022,0.1096,0.0078,0.0026,7.116,0.5272,399.55,76.686,0.2495,12.67,0.42,0.1017,4.9269,0.179,47.3263,3.1711,0.5477,0.919,0.1361,0.0315,14.8109,264.272,0.5671,4.98,0.0877,2.0902,0.0382,1.8844,15.4662,532.5646,2.7395,13.35,1.138,4.0485,0.3883,2.5067,41.5401,,,,,0.502,0.0191,0.0042,3.7962,0.0164,0.0093,0.0025,56.705,-1
Wafer-533,2979.95,2518.44,2164.3,1031.4032,1.3626,100,102.1322,0.1242,1.4899,0.0005,0.0055,0.9676,199.7459,0,9.27,426.9702,10.0094,0.9813,189.7365,12.4824,1.4088,-6477,2917.25,-4518.75,1277,0.9935,1.8925,5.18,70.2222,2.7,0.1813,4.68,84.7348,8.6706,49.9566,64.5635,50.0434,65.8977,86.8967,118.1992,77.84,3.515,70,350.4273,10.2538,137.3291,735.4157,0.8866,144.6427,1,632.3991,113.8125,0,4.632,4.856,2867,0.9357,0.9537,4.5829,-2.6655,352.5,10.5644,114.6636,12.7551,22.6655,28.1985,707.2173,0.9145,153.8045,1,620.9682,111.2536,,,0,0.0084,-0.0584,-0.0085,-0.0713,-0.0119,-0.0998,-0.0154,-0.0122,7.8686,0.1322,,2.4504,0.9893,1697.1242,0.1978,8884.93,-0.0542,0.0048,0.0008,0.0001,0.0001,-0.1386,0,0.0411,0.0102,0.0004,0,-0.0754,-0.009,-0.0001,-0.0048,-0.0008,0.0179,0.0135,,,,0.4741,0.9194,0,754.1953,0.9914,59.4602,0.5992,0.9756,6.2276,15.91,3.193,15.96,15.95,1.04,2.662,0.5172,3.093,0.3311,0.7884,0.9969,2.3378,1008.7769,43.0959,105,98.2,25.2,45.7002,230.117,0.1287,0,6.83,0.0043,0.1592,0.0306,0.0383,0.0112,9.5853,0,3.779,10.851,1.1795,0.005,8.533,0.28,0.0887,,,240,392,3810,103,0.094,0.072,0.06,3.9,0.7,0.078,0.109,0.4945,0.0975,0.4189,0.5131,0.4189,0.7879,0.0735,1.123,0,0,18.17,0.381,7.33,22.049,0.0741,6.97,0,13.16,14.271,0,0,0,0,0,0,0.412,7.37,21.11,0.24,4.6,14.42,7.37,12.517,32.856,0.1337,8.51,0,23.09,77.806,0,0.0619,0.0527,0.075,0.0507,0.0464,0.1045,0.0972,0.0379,3.1904,0.0025,,0.0348,0.0018,72.6282,0.0292,435.1006,0,0.015,0.0154,0,0,0,0,0,0,0,0,0,0.0065,0.0065,0,0,0,0,,,,0.0876,0.0172,0,54.4973,0.0006,1.9177,0.0277,0.0054,0.608,0,0,0,0,0,0,0,0,0,0,0,0.0304,25.375,3.5779,24.3936,31.4096,8.6211,17.463,86.4589,0.0401,0,2.5113,0.0012,0.0495,0.0105,0.0112,0.0037,3.0158,0,1.0905,3.3213,0.3226,0.0017,2.746,0.0821,0.0337,,,99.1195,170.2731,1648.3522,44.4447,0.0418,0.0325,0.0289,1.1956,0.2345,0.0262,0.0331,0.2281,0.0386,0.1608,0.1863,0.1608,0.2996,0.034,0.457,0,0,0,6.3086,0.1285,2.3232,6.5051,0.0215,2.2578,0,3.9053,5.6664,0,0,0,0,0,0,0.0764,2.5659,6.0995,0.0671,1.295,7.7002,2.5659,3.8444,9.3135,0.0418,2.2718,0,6.0978,23.5062,,,0,0.0144,0.0242,0.0314,0.0213,0.0123,0.0515,0.0507,0.0161,0.9412,0.0008,,0.0125,0.0005,21.4212,0.0099,145.1191,0,0.0046,0.0042,0.0022,0.0023,0,0,0,0,0,0,0,0.0023,0.0022,0,0,0,0,,,,0.0224,0.0058,0,16.7571,0.0002,0.5687,0.0088,0.0018,0.2011,0,0,0,0,0,0,0,0,0,0,0,0.0111,10.5761,1.1475,4.7309,3.2954,1.0006,2.1115,22.3111,9.4461,0,6.6874,3.4632,10.6851,0,701.1442,1.1577,4.7988,0,40.7659,2.5414,11.7842,0.5141,4.4973,2.2431,6.2988,3.7054,13.4373,84.3154,8.0658,9.4615,3.8045,1.1583,5.5538,25.9259,43.0147,2.3291,0.5836,1.1239,0.8385,0.7947,0.8371,1.1956,0.0846,0.9501,0,0,0,5.1851,3.7157,5.3375,2.9982,8.3588,4.8188,0,2.081,12.5391,0,0,0,0,0,0,8.9899,276.5007,5.9886,2.2718,4.0117,113.0528,32.5164,44.3888,4.6458,14.6192,5.533,0,3.7184,69.9357,0,734.1735,90.3171,879.7654,71.108,388.8947,104.7357,632.1951,310.0204,40.5457,1.9075,,1.4208,0.1811,4.2795,14.7521,4.8971,0,313.3159,0,0,0,0,0,0,0,0,0,0,72.2222,0,0,0,0,0,,,,18.4647,1.8716,0,7.2259,0.0619,3.2251,4.6168,0.5499,9.7636,0,0,0,0,0,0,0,0,0,0,0,1.3018,2.5154,8.3022,0.1096,0.0078,0.0026,7.116,1.6454,388.906,79.222,0.3467,13.4,1.23,0.1385,6.5673,0.4706,21.0689,3.4456,1.5526,0.919,0.1361,0.0315,14.8109,252.85,0.7946,7.36,0.1041,2.6174,0.0423,2.9108,13.0993,532.5646,2.7395,13.35,1.138,4.0485,0.3883,2.5067,41.5401,0.0267,0.0134,0.0048,50.053,0.5042,0.0141,0.0036,2.8005,0.0267,0.0134,0.0048,50.053,-1
Wafer-534,2978.67,2559.32,2253.5111,1397.506,0.966,100,109.7611,0.121,1.5643,0.0263,-0.0021,0.9678,200.1374,0,9.2329,405.9453,10.4757,0.979,189.6617,12.5218,1.385,-5733,2627,-6820.5,5204,1.273,1.9952,7.2893,68,1.6222,0.1439,3.4512,84.7007,8.7283,49.884,63.9335,50.116,66.2469,86.6108,118.793,14.88,5.52,70,367.3891,9.5775,145.5818,755.882,1.2433,135.1936,1,648.1645,203.2663,0,4.67,4.931,2836,0.9217,0.9471,4.4937,-0.3455,369.5964,9.6327,125.2364,9.4727,20.3455,28.4793,727.4027,0.8869,143.8591,1,638.6918,71.3735,,,0,0.0125,-0.073,0.0265,-0.0372,0.0252,-0.0794,-0.0285,0.0442,6.7025,0.1274,,2.3605,0.99,1769.8568,0.1967,8400.72,-0.1358,-0.0022,-0.0026,0.0004,0,-0.4906,0,1.3217,-0.0772,-0.0005,0.0006,0.027,-0.0146,0.001,0.0022,0.0025,-0.1054,-0.129,,,,0.45,0.9307,0,712.0768,0.9905,58.5845,0.6055,0.9758,6.2756,15.92,4.567,15.99,15.99,1.338,2.803,0.6982,3.019,0.2365,0.7287,0.9959,2.2728,1008.7232,39.0136,132,123.4,69.9,70.4001,403.536,0.1905,0,6.64,0.0027,0.0604,0.0531,0.042,0.0107,7.5473,0,5.178,5.998,0.2832,0.005,7.4688,0.26,0.0489,,,1554,580,15572,2131,0.183,0.112,0.159,2.6,1.7,0.17,0.384,0.5116,0.0342,0.4111,0.7034,0.4111,0.6583,0.2202,1.005,0,0,16.91,0.257,9.31,31.468,0.1082,4.41,0,20,66.904,0,0,0,0,0,0,0.25,6.6,20.05,0.975,11,16.43,6.6,9.231,35.999,0.1555,21.58,0,16.43,41.656,0,0.1378,0.0429,0.0722,0.095,0.0901,0.0715,0.1101,0.104,4.3551,0.0025,,0.0681,0.002,128.1581,0.0402,809.4004,0,0.0218,0.0252,0,0,0,0,0,0,0,0,0,0.0067,0.0057,0,0,0,0,,,,0.0211,0.0283,0,87.5464,0.0011,3.9977,0.0308,0.0054,0.5183,0,0,0,0,0,0,0,0,0,0,0,0.0322,30.558,5.223,34.9484,41.5767,26.3716,21.1755,130.2914,0.0522,0,2.0978,0.0008,0.0232,0.016,0.0142,0.0037,2.9199,0,1.7232,1.585,0.0872,0.0018,2.89,0.0743,0.0152,,,646.8982,239.5245,7292.7594,1022.9321,0.0813,0.0525,0.0699,0.9721,0.4868,0.0663,0.1345,0.2085,0.0153,0.1701,0.2526,0.1701,0.2378,0.0919,0.4175,0,0,0,5.6345,0.0729,2.4404,9.1953,0.0361,1.2723,0,5.8483,19.4914,0,0,0,0,0,0,0.0855,2.1024,6.468,0.3542,3.019,10.9552,2.1024,2.8494,10.9004,0.0432,5.9046,0,5.6917,12.1323,,,0,0.0317,0.0203,0.0302,0.0401,0.0261,0.0361,0.0533,0.0534,1.3583,0.0008,,0.0222,0.0006,41.057,0.0151,331.212,0,0.0056,0.0059,0.0065,0.0019,0,0,0,0,0,0,0,0.0023,0.002,0,0,0,0,,,,0.0055,0.0104,0,31.6843,0.0003,1.2694,0.0106,0.0021,0.1717,0,0,0,0,0,0,0,0,0,0,0,0.0106,11.6371,1.8206,6.0338,4.1428,2.7312,3.124,28.8754,19.7192,0,6.0495,2.2308,3.861,202.1894,0,1.1075,3.7711,0,56.082,1.4775,2.7032,0.5152,3.938,2.0764,3.5298,27.1062,22.0784,228.3117,40.9493,14.3755,5.6133,2.1813,3.8235,104.7945,118.1467,11.1265,0.604,0.3919,0.8241,1.1002,0.8203,0.9937,0.2542,0.846,0,0,0,4.6028,2.6834,6.395,4.1631,8.6996,3.262,0,3.0856,32.9145,0,0,0,0,0,0,5.5634,0,5.4248,10.1217,8.7834,173.4462,32.4397,32.4131,4.949,17.5296,15.0008,0,2.5724,58.3634,0,0,58.7269,272.7101,255.3763,357.0084,90.0787,386.9947,235.4273,64.977,1.962,,2.8844,0.2059,7.2412,20.4192,9.6349,0,993.7322,973.913,0,0,0,0,0,0,0,0,0,45.7338,549.3976,0,0,0,0,,,,4.6806,3.0438,0,12.2945,0.1105,6.8237,5.0902,0.5525,8.2584,0,0,0,0,0,0,0,0,0,0,0,1.4182,3.0294,13.3877,0.1096,0.0078,0.0026,7.116,,,,,,,,,,,,,0.9751,0.3212,0.0592,32.9353,,,,,,,,,532.6046,2.11,9.92,0.1493,3.3781,0.0429,1.8625,7.0781,0.0184,0.0127,0.0037,68.7057,0.4985,0.0155,0.0038,3.1036,0.0184,0.0127,0.0037,68.7057,-1
Wafer-535,3108.5,2321.45,2162.8445,1312.3198,0.8286,100,100.3633,0.1242,1.3701,-0.0081,0.0013,0.9691,201.0986,0,7.0014,409.2618,9.6192,0.9744,191.4793,12.5031,1.407,-5242.25,3108,-4059,115,1.3167,2,7.421,68.5778,2.7111,0.1937,3.5462,85.513,8.7932,50.3159,64.0127,49.6841,66.1703,86.8489,118.9228,2.126,0.5441,70,352.2509,10.141,149.6,754.9506,0.8217,143.6209,1,645.4718,128.5811,0,4.61,4.852,2906,0.9276,0.9501,4.5784,-6.6055,355.8027,10.3885,122.9945,11.6909,26.6055,32.7516,722.199,1.0518,154.9836,1,633.7809,57.8782,,,0,0.01,-0.0427,-0.0152,-0.066,0.0038,-0.0807,-0.0098,-0.0133,5.8337,0.131,,2.3958,0.985,1811.5779,0.1819,8622.7099,0.0977,0.0006,0,-0.0001,0,0.0935,0,-0.057,0.0019,-0.0002,0,-0.0088,-0.0103,0,-0.0006,0,0.0089,-0.044,,,,0.4694,0.9494,0,735.6821,0.9903,57.7331,0.6075,0.9639,6.4464,15.93,4.585,15.98,15.95,1.376,2.461,0.6903,2.92,-1.655,0.7591,0.9967,2.2937,1005.3318,42.9293,141,166,200.3,58.8999,334.1429,0.0502,0,6.29,0.0036,0.0656,0.0768,0.0457,0.0093,7.4246,0,4.008,16.459,0.4898,0.0064,7.28,0.4,0.0187,,,533,1891,1915,760,0.133,0.093,0.276,2.3,1.5,0.139,0.523,0.6977,0.0637,0.214,0.4922,0.214,0.7596,0.2407,0.254,0,0,20.61,0.639,7.93,26.476,0.0837,3.54,0,22.06,18.117,0,0,0,0,0,0,0.204,7.14,20.07,0.375,7.71,21.47,7.14,9.071,30.665,0.691,9.31,0,21.47,73.231,0,0.0464,0.0539,0.0408,0.0144,0.0232,0.0959,0.0815,0.0494,7.5756,0.0019,,0.0734,0.003,123.7551,0.0247,938.0996,0,0.0157,0.0122,0,0,0,0,0,0,0,0,0,0.0038,0.0057,0,0,0,0,,,,0.0251,0.0227,0,93.4224,0.0009,2.8626,0.0275,0.0255,0.4406,0,0,0,0,0,0,0,0,0,0,0,0.0215,25.494,4.0608,36.8516,54.7118,72.9768,21.6792,131.3065,0.0186,0,2.1735,0.0011,0.0234,0.0186,0.0131,0.0033,2.2546,0,1.7537,5.6267,0.1389,0.0022,2.1912,0.0969,0.0069,,,221.4895,876.7147,945.0887,312.8493,0.0595,0.0439,0.1218,0.7949,0.454,0.0536,0.1659,0.278,0.0247,0.0908,0.1972,0.0908,0.2887,0.0995,0.104,0,0,0,6.7536,0.1796,2.6859,7.6267,0.0208,0.9453,0,6.5655,6.2742,0,0,0,0,0,0,0.0643,2.6941,5.7286,0.0991,2.0407,9.4369,2.6941,3.0056,9.5394,0.196,2.9948,0,6.7677,25.359,,,0,0.0139,0.026,0.0192,0.0066,0.0074,0.0475,0.044,0.021,2.545,0.0007,,0.0231,0.0011,45.9174,0.0069,329.2772,0,0.0039,0.0036,0.0028,0.0016,0,0,0,0,0,0,0,0.0016,0.002,0,0,0,0,,,,0.0068,0.0068,0,34.2852,0.0003,1.016,0.0086,0.0091,0.1507,0,0,0,0,0,0,0,0,0,0,0,0.0066,9.1571,1.2545,6.2522,5.3402,8.6282,2.7233,25.462,6.0568,0,6.2672,2.8979,4.788,946.6872,0,0.9619,3.692,0,57.246,4.0216,5.0915,0.6557,3.802,3.1992,1.3297,10.1674,60.843,47.1791,660.8696,10.1006,4.65,3.7192,3.3539,55.3279,71.7728,14.7481,0.8159,0.724,0.4253,0.7689,0.4307,1.1479,0.2771,0.2136,0,0,0,5.8509,6.3012,5.3008,3.507,10.183,2.4648,0,3.4177,14.0899,0,0,0,0,0,0,4.4557,108.0925,5.6408,3.6097,6.2686,183.6471,26.8366,27.6963,4.2461,65.6944,6.0071,0,3.3876,126.5261,0,463.7102,126.1556,267.541,21.8017,615.5887,118.7984,835.8974,371.4286,129.8585,1.4499,,3.0642,0.3053,6.8313,13.5661,10.8794,0,0,0,0,0,0,0,0,0,0,0,0,36.715,0,0,0,0,0,,,,5.3428,2.3939,0,12.6987,0.087,4.9583,4.5264,2.642,6.8352,0,0,0,0,0,0,0,0,0,0,0,0.9382,2.5359,9.4593,0.1096,0.0078,0.0026,7.116,,,,,,,,,,,,,0.964,0.2003,0.0413,20.7785,,,,,,,,,529.8882,1.9955,8.88,0.2739,3.1371,0.0745,1.6758,13.7278,,,,,0.5022,0.0105,0.0028,2.1007,0.0184,0.0127,0.0037,68.7057,-1
Wafer-536,3064.81,2538.43,2167.2,1108.9456,1.4869,100,94.26,0.1249,1.4866,0.0018,-0.0018,0.979,194.7933,0,8.7773,397.0927,9.8098,0.9794,184.9834,12.5094,1.4025,-5336,3553,-5245.25,215.5,1.2848,1.993,7.3068,65.9111,2.7667,0.2391,3.408,84.6838,9.0425,50.7493,64.4947,49.2507,67.1943,86.8006,117.7228,,,70,352.1682,10.2285,139.8855,742.4168,1.3382,147.7191,1,639.7727,198.7883,0,4.614,4.865,2840,0.9313,0.9484,4.6532,-0.0191,353.8627,10.4265,119.8664,14.2545,20.0191,27.3069,715.1099,0.8615,151.7891,1,625.5182,72.6313,,,0,-0.0118,-0.0344,-0.0116,-0.0393,0.0003,-0.1039,-0.0247,0.0173,6.8707,0.1284,,2.3918,0.9905,1833.5098,0.1542,8846.63,-0.1227,0.0002,-0.0018,0.0003,0,-0.3732,0,1.0182,-0.1163,-0.0004,0.0005,-0.0149,-0.0132,0.0016,-0.0002,0.0018,-0.1944,-0.2016,,,,0.4547,0.9491,0,758.1576,0.9906,58.3868,0.6032,0.9772,6.2352,15.92,4.92,15.96,15.96,1.399,2.471,0.7857,3.062,-0.0946,0.7436,0.9971,2.3063,1006.0844,39.14,129,157.5,82.9,68.1001,1245.613,0.148,0,12.33,0.0046,0.0628,0.0485,0.0395,0.0062,6.9676,0,6.529,7.118,0.4034,0.0056,6.5858,0.24,0.0391,,,884,3362,5927,439,0.212,0.062,0.153,2.9,1.4,0.132,0.526,0.5365,0.0788,0.3461,0.5934,0.3461,0.8211,0.3103,0.213,,0,17.16,0.159,8.21,24.868,0.1192,6.99,0,21.44,62.112,0,0,0,0,0,0,0.194,10.28,16.92,0.373,9.45,20.41,10.28,13.895,33.866,0.2357,9.75,0,20.41,84.241,0,0.0458,0.0568,0.0222,0.0577,0.0294,0.0623,0.0892,0.0522,5.3963,0.0031,,0.0398,0.0006,95.1692,0.0245,905,0,0.0325,0.0293,0,0,0,0,0,0,0,0,0,0.0024,0.004,0,0,0,0,,,,0.0411,0.0106,0,124.0166,0.0011,4.0735,0.0161,0.0041,0.4785,0,0,0,0,0,0,0,0,0,0,0,0.0343,31.216,4.5258,32.5243,48.3997,31.7074,23.4755,401.8832,0.0598,0,4.4515,0.0014,0.0208,0.0156,0.011,0.002,2.2722,0,1.8661,2.3667,0.1281,0.0018,2.1587,0.0782,0.0152,,,401.9469,1655.6513,2819.6909,197.2722,0.09,0.0284,0.0775,0.8978,0.4243,0.0427,0.1652,0.235,0.0334,0.1324,0.224,0.1324,0.3155,0.1269,0.0877,,,0,5.5926,0.0497,2.5967,6.8615,0.0349,1.9431,0,5.7974,20.3983,0,0,0,0,0,0,0.0599,3.405,5.5394,0.1043,2.513,8.844,3.405,4.5061,10.243,0.0679,2.7578,0,6.3656,27.3576,,,0,0.0149,0.0251,0.0097,0.0258,0.0075,0.0321,0.0455,0.0274,1.6955,0.0009,,0.0143,0.0002,27.3886,0.0079,336.0106,0,0.0082,0.0074,0.0053,0.0032,0,0,0,0,0,0,0,0.0009,0.0012,0,0,0,0,,,,0.0099,0.0037,0,40.841,0.0004,1.3303,0.0059,0.0015,0.156,0,0,0,0,0,0,0,0,0,0,0,0.0112,10.5767,1.3543,5.7015,5.139,3.2658,3.1423,112.3241,9.9562,0,13.0808,3.6815,4.2245,0,0,0.6356,3.5769,0,74.3853,1.7925,4.112,0.5758,3.5602,1.9186,2.7893,16.5667,94.6243,112.9975,203.7123,16.5013,3.1109,2.094,4.3999,50.6024,55.2045,15.4343,0.6335,0.8717,0.682,0.9201,0.7027,1.222,0.3575,0.1809,,,0,4.8727,1.5545,5.8691,3.3496,8.9105,4.732,0,3.3512,31.2453,0,0,0,0,0,0,4.1692,0,4.7815,3.5774,7.8838,143.1826,51.351,50.8847,4.7358,27.3558,6.4234,0,3.2629,115.9845,0,388.7533,165.1163,191.7927,147.0064,0,59.9327,360.404,301.2987,78.541,2.4152,,1.6658,0.0598,5.1905,15.8931,10.2299,0,0,0,0,0,0,0,0,0,0,0,0,18.1303,256,0,0,0,0,,,,9.0472,1.1193,0,16.3576,0.1147,6.9767,2.6733,0.4227,7.6741,0,0,0,0,0,0,0,0,0,0,0,1.4871,3.1027,11.5631,0.1096,0.0078,0.0026,7.116,1.6376,403.802,81.824,1.1076,13.56,2.17,0.5251,5.5179,0.852,67.6362,3.3581,2.652,0.9479,0.1192,0.0299,12.5736,250.556,0.625,4.05,0.1616,1.5084,0.0624,1.6164,25.8606,531.4073,2.0161,8.05,0.3213,2.8487,0.1038,1.5148,15.9361,,,,,0.4999,0.0288,0.006,5.7671,0.0184,0.0127,0.0037,68.7057,-1
Wafer-537,3023.07,2484.55,2242.8555,1430.727,0.8832,100,106.21,0.1216,1.5613,-0.0028,0.0008,0.9665,197.4289,0,10.5239,418.3575,10.4001,0.9736,187.0288,12.4231,1.4124,-5472,2730,-3126.5,51.75,1.3055,1.9978,7.3123,69.0667,2.6889,0.2338,3.3631,85.2227,8.5288,50.4747,64.1901,49.5254,66.0973,86.6692,119.2928,78.52,3.182,70,363.4118,9.6568,130.7782,729.1866,1.3415,138.4627,1,632.6527,200.0735,0,4.622,4.872,2846,0.9258,0.9487,4.5448,1.4845,360.9091,10.4695,112.2627,20.0572,18.5155,25.426,703.7606,0.9583,139.4236,1,612.5955,128.6231,145.4125,467.183,0,-0.0169,-0.0185,-0.0229,-0.0455,0.0174,-0.006,-0.0295,0.0699,7.4943,0.124,,2.4113,0.9862,1888.1251,0.1996,9205.3697,-0.1951,0.0017,-0.0031,0.0002,0.0001,-0.2838,0,0.9623,-0.027,-0.0006,0.0004,0.0718,-0.0146,0.0004,-0.0016,0.0031,-0.1445,-0.0881,,,,0.4555,0.9406,0,814.3718,0.9905,59.4888,0.5981,0.9702,6.3056,15.79,4.254,15.81,15.77,0.9649,2.888,0.9233,3.878,0.7569,0.6627,0.9989,2.3495,1000.8402,45.4033,116,101.5,39.2,62.9001,227.0289,0.1099,0,5.67,0.0039,0.1295,0.0318,0.0331,0.0148,6.6719,0,8.716,7.466,0.69,0.0103,5.9819,0.35,0.0612,,,1077,374,6115,1144,0.213,0.087,0.109,2,1.1,0.078,0.303,0.7978,0.0929,0.402,0.6767,0.4021,0.7542,0.3844,0.386,0,0,16.78,0.376,7.49,28.676,0.134,4.12,0,17.35,45.448,0,0,0,0,0,0,0.256,6.64,16.46,0.203,10.41,24.39,6.64,8.067,34.573,0.1462,3.22,0,24.39,72.225,0,0.1218,0.0672,0.0364,0.0993,0.1713,0.0798,0.098,0.1066,2.2751,0.0028,,0.038,0.002,149.5063,0.034,1468.7002,0,0.0353,0.0199,0,0,0,0,0,0,0,0,0,0.0091,0.0049,0,0,0,0,,,,0.0195,0.0292,0,166.7729,0.0009,3.4714,0.0404,0.0183,0.4486,0,0,0,0,0,0,0,0,0,0,0,0.0446,37.129,4.079,31.1255,35.1342,15.1015,21.1302,80.6074,0.0359,0,2.1317,0.0011,0.0405,0.011,0.0098,0.0047,2.0407,0,2.9288,2.2963,0.1955,0.0034,1.8721,0.0801,0.0192,,,505.6857,168.1031,2679.2656,540.1119,0.0952,0.0461,0.0476,0.5679,0.3444,0.0237,0.1242,0.2868,0.0384,0.152,0.2651,0.152,0.2928,0.1474,0.1582,0,0,0,5.5519,0.11,2.0017,8.0929,0.0502,1.1871,0,5.0608,12.2045,0,0,0,0,0,0,0.087,2.3084,5.3697,0.0684,2.7184,7.9337,2.3084,3.0447,10.4556,0.0443,1.0527,0,7.1474,23.4452,5.933,2.275,0,0.0304,0.029,0.0204,0.0466,0.0466,0.0357,0.047,0.057,0.6548,0.0008,,0.0121,0.0007,55.2702,0.0113,468.463,0,0.008,0.0053,0.0053,0.0023,0,0,0,0,0,0,0,0.0028,0.0018,0,0,0,0,,,,0.0061,0.009,0,51.1898,0.0003,1.0605,0.014,0.006,0.1471,0,0,0,0,0,0,0,0,0,0,0,0.0138,12.3207,1.2009,5.2312,3.3575,1.5778,2.8045,15.8681,12.4432,0,5.3385,3.2064,8.2945,0,0,1.5283,3.3794,0,82.8209,1.7846,6.6348,1.062,3.1984,2.8173,4.3317,19.682,13.6996,195.5861,0,16.3156,4.3549,1.4906,2.8958,40.9091,33.365,9.0095,0.9361,1.0887,0.7964,1.0542,0.8119,1.141,0.4435,0.3236,0,0,0,4.6174,3.8936,5.7272,3.9326,9.9915,2.9755,0,2.7424,22.7157,0,0,0,0,0,0,5.6328,447.275,4.5607,1.939,9.2729,121.602,35.8619,31.7274,4.9126,15.2509,2.3095,0,3.9814,56.1524,0,720.7101,364.2276,158.952,218.4818,983.423,0,331.9221,152.6127,30.3581,2.2587,,1.5753,0.199,7.9182,17.0492,15.9548,0,0,641.9355,0,0,0,0,0,0,0,0,0,62.3288,0,0,0,0,0,,,,4.2724,3.1064,0,20.4787,0.0885,5.8354,6.7488,1.8899,7.1149,0,0,0,0,0,0,0,0,0,0,0,1.8976,3.7098,8.9839,0.1096,0.0078,0.0026,7.116,,,,,,,,,,,,,0.9449,0.0789,0.0226,8.3522,,,,,,,,,533.5555,2.0417,6.08,0.3579,2.091,0.1153,1.1395,17.5289,,,,,0.4979,0.0165,0.0041,3.3098,0.0184,0.0127,0.0037,68.7057,-1
Wafer-538,3032.98,2403.47,2180.7,1159.3838,1.0177,100,98.9367,0.1222,1.4234,-0.002,0.0027,0.9762,204.1234,0,16.365,429.5954,9.5397,0.973,194.5836,12.508,1.4016,-5361.5,2661,-3748.6667,-2303,1.3335,2.0023,7.396,63.8444,2.2667,0.223,3.4144,85.5983,8.5232,50.4559,64.0577,49.5441,66.2289,86.6814,118.5342,78.95,2.607,70,351.1945,9.9399,133.3809,722.3445,1.3733,139.3382,1,623.9136,184.3855,0,4.585,4.833,2826,0.9335,0.9486,4.5434,8.9864,348.0518,10.2485,122.3673,11.1346,11.0136,17.1276,705.217,0.8097,143.6782,1,614.0973,88.1429,,,0,0.0001,-0.0681,-0.0049,-0.0302,0.0006,-0.1008,-0.0169,0.0381,6.2666,0.1252,,2.4334,0.9891,1811.7807,0.1864,9005.5399,0.0041,-0.0002,-0.0033,0,0,0.0469,0,-0.208,0.0614,0.0002,-0.0001,-0.031,-0.0083,-0.0008,0.0002,0.0034,-0.0642,-0.0593,,,,0.4505,0.9483,0,765.0469,0.9907,59.1123,0.5953,0.9659,6.2792,15.95,4.41,16.01,15.97,1.447,2.875,0.6809,3.118,-0.5204,0.7232,0.9961,2.2771,1007.4808,38.3809,81,83.6,143.4,45.7,442.248,0.2324,0,8.7,0.0049,0.0965,0.0464,0.0347,0.0092,8.9203,0,10.832,10.735,1.3279,0.0073,7.5924,0.36,0.0471,,,692,443,966,15586,0.201,0.171,0.258,3.1,1.9,0.266,0.497,0.8849,0.0676,0.3177,0.5148,0.3177,0.7387,0.1568,0.385,0,0,20.32,0.642,9.27,31.786,0.1526,5.96,0,21.93,38.554,0,0,0,0,0,0,0.273,5.83,15.26,0.331,12.09,13.81,5.83,10.685,40.006,0.2552,6.84,0,21.53,89.353,0,0.0627,0.0273,0.0333,0.1135,0.0589,0.0927,0.0848,0.0544,3.5968,0.002,,0.0405,0.0014,80.7842,0.0264,1370.2002,0,0.0129,0.0148,0,0,0,0,0,0,0,0,0,0.0064,0.0062,0,0,0,0,,,,0.1053,0.0268,0,134.8903,0.0006,2.9379,0.0376,0.024,0.4252,0,0,0,0,0,0,0,0,0,0,0,0.0413,31.723,2.7649,22.6765,25.4251,45.3938,18.9786,125.7819,0.0708,0,2.5498,0.0015,0.0289,0.0134,0.0088,0.0032,3.1623,0,3.8329,2.7867,0.3562,0.0025,2.8857,0.0969,0.0128,,,285.8875,191.1143,498.5522,7126.077,0.0862,0.0819,0.1199,1.2249,0.6225,0.0719,0.1672,0.362,0.0262,0.1223,0.1938,0.1223,0.3011,0.0617,0.1405,0,0,0,5.9035,0.1961,2.4956,9.3265,0.052,1.7231,0,6.486,11.0645,0,0,0,0,0,0,0.0944,1.6901,5.1267,0.0953,3.34,9.2085,1.6901,3.0487,11.3363,0.0651,2.2998,0,6.2329,30.8236,,,0,0.0169,0.0122,0.0143,0.0545,0.0142,0.0474,0.0473,0.027,1.2525,0.0006,,0.0145,0.0005,24.9805,0.0087,434.6186,0,0.0034,0.0039,0.0021,0.0019,0,0,0,0,0,0,0,0.0019,0.002,0,0,0,0,,,,0.0283,0.0079,0,42.2159,0.0002,0.7674,0.0117,0.0074,0.1415,0,0,0,0,0,0,0,0,0,0,0,0.0135,11.4372,0.8707,3.706,2.7564,5.9664,2.0957,38.1451,22.8359,0,8.7935,4.0107,6.7794,0,0,0.9455,4.37,0,66.19,2.4989,13.9201,0.7518,3.9019,2.8782,3.3576,12.9068,16.6479,25.7692,676.7694,15.0731,8.5404,3.4884,4.8556,83.8235,119.2825,14.5558,1.0338,0.7934,0.6297,0.8036,0.6412,1.1154,0.1809,0.3248,0,0,0,5.786,6.4588,6.95,4.4004,11.1114,4.2774,0,3.5149,20.9094,0,0,0,0,0,0,6.0088,64.8761,4.3844,3.2298,9.8801,124.0279,52.9344,62.3849,5.6729,31.5178,4.7606,0,3.506,101.3729,0,0,40.1028,676.1421,375.517,0,91.9871,503.2641,142.6885,57.3967,1.5977,,1.6654,0.1383,4.4588,14.1822,15.2151,0,0,444.2777,0,0,0,0,0,0,0,0,0,76.8769,751.5152,0,0,0,0,,,,23.3728,2.8237,0,17.6316,0.0572,4.97,6.3123,2.4875,6.7722,0,0,0,0,0,0,0,0,0,0,0,1.8115,3.1487,7.2038,0.1096,0.0078,0.0026,7.116,0.8759,409.024,73.642,0.6611,18.9,0.7,0.2817,7.9213,0.2891,75.4768,4.6208,0.9505,0.9675,0.0907,0.0268,9.3697,,,,,,,,,534.7282,1.6257,7,0.3806,2.3357,0.0994,1.3091,23.4142,0.0348,0.016,0.0047,45.9641,0.5036,0.0136,0.0038,2.6989,0.0348,0.016,0.0047,45.9641,-1
Wafer-539,2972.12,2571.21,2167.2,1108.9456,1.4869,100,94.26,0.1249,1.5607,0.0138,0.0039,0.9655,199.3313,0,6.354,412.8214,10.087,0.9799,189.2443,12.4996,1.4096,-6341.25,2987,-3927.25,1488,0.9962,1.8945,5.2085,72.3111,2.1444,0.1594,4.6594,85.2679,8.4896,50.3505,64.3145,49.6495,65.5737,87.0327,118.3644,78.04,2.957,70,361.2482,9.5541,143.8727,743.0945,0.8115,129.1373,1,634.2582,110.0237,0,4.61,4.869,2855,0.923,0.9466,4.5698,-0.95,363.8927,9.9197,122.9227,12.3092,20.95,24.9604,718.1342,0.9615,136.75,1,623.5655,104.2311,155.9008,467.6646,0,-0.0282,0.0014,0.0055,-0.0239,0.0024,0.0003,-0.0202,0.0396,7.7319,0.1353,,2.345,0.9858,1755.7161,0.2031,8889.4001,-0.1301,-0.0019,-0.0016,0.0003,0,-0.4222,0,1.2181,-0.0763,-0.0006,0.0006,0.0545,-0.0142,0.001,0.0019,0.0015,-0.0045,0.0403,,,,0.4557,0.9254,0,742.6547,0.9906,59.2654,0.6065,0.9635,6.2834,15.91,4.392,15.94,15.89,1.239,2.453,0.6586,2.91,-0.5204,0.7586,0.9981,2.2967,1003.0211,38.9026,155,114.1,42,68.1001,1245.613,0.148,0,12.33,0.0046,0.4821,0.0417,0.0364,0.0128,9.6871,0,4.747,17.364,0.8019,0.0071,8.968,0.28,0.0449,0.0525,833.4004,342,584,1722,75,0.14,0.091,0.186,3.5,0.9,0.078,0.128,0.8301,0.0854,0.3824,0.5431,0.3824,0.9243,0.3081,0.36,0,0,19.93,0.243,9.39,30.299,0.0393,1.94,0,23.8,23.634,0,0,0,0,0,0,0.257,9.51,16.12,0.683,10.77,16.04,9.51,11.238,35.922,0.199,4.66,0,23.05,104.336,0,0.0749,0.0665,0.0514,0.1134,0.0708,0.097,0.1277,0.1072,2.2093,0.003,,0.0743,0.0045,126.5963,0.0713,877.9004,0,0.013,0.0139,0,0,0,0,0,0,0,0,0,0.0088,0.0053,0,0,0,0,,,,0.0286,0.0175,0,75.4018,0.0007,3.1985,0.0405,0.0245,0.4534,0,0,0,0,0,0,0,0,0,0,0,0.0334,33.747,4.0302,38.4143,38.8102,13.6053,23.4755,401.8832,0.0598,0,4.4515,0.0014,0.1551,0.0123,0.0087,0.0042,2.9324,0,1.1989,5.1762,0.2355,0.0024,2.7573,0.0743,0.0129,0.0157,243.6619,168.9859,249.613,808.1581,36.5057,0.0584,0.0394,0.0884,1.1141,0.2963,0.0262,0.0428,0.322,0.0388,0.1509,0.2118,0.1509,0.3505,0.1267,0.1482,0,0,0,6.405,0.0795,2.6275,8.9269,0.0135,0.6114,0,6.9114,7.3324,0,0,0,0,0,0,0.0868,2.7968,4.843,0.2409,2.905,9.054,2.7968,3.2985,10.8273,0.0684,1.521,0,7.1724,33.4936,4.6797,3.7775,0,0.0218,0.0283,0.0247,0.049,0.0172,0.0452,0.0683,0.0609,0.7063,0.0008,,0.0231,0.0015,41.7239,0.0199,254.632,0,0.0043,0.0046,0.0059,0.0017,0,0,0,0,0,0,0,0.0032,0.0019,0,0,0,0,,,,0.0085,0.0054,0,24.1136,0.0003,0.9953,0.0104,0.0083,0.1553,0,0,0,0,0,0,0,0,0,0,0,0.012,13.4011,1.3131,6.9906,3.839,1.6335,3.1423,112.3241,9.9562,0,13.0808,3.6815,30.8902,302.3108,922.9794,1.3254,4.8598,0,74.7088,4.2062,7.9497,0.7204,4.7388,2.2401,3.1825,5.3933,19.5514,43.8475,5.0403,14.0527,4.8034,3.5711,4.8402,41.9689,48.9199,2.7471,0.9735,1.0065,0.7595,0.8444,0.7702,1.4096,0.354,0.3041,0,0,0,5.517,2.5434,6.5266,4.0774,4.8391,1.5023,0,3.7524,21.4808,0,0,0,0,0,0,5.6239,0,4.4299,6.8853,8.7616,130.3091,45.3938,45.0234,5.0021,20.7022,3.4077,0,3.6965,100.1006,0,265.4264,0,938.8128,474.477,0,0,632.1782,270.5363,28.5736,2.218,,3.169,0.4596,7.2105,35.0946,9.8758,0,702.7027,889.6,0,0,0,0,0,0,0,0,0,61.9718,517.0732,0,0,0,0,,,,6.283,1.8897,0,10.153,0.0732,5.397,6.6715,2.5408,7.2165,0,0,0,0,0,0,0,0,0,0,0,1.4539,3.3645,10.3597,0.1096,0.0078,0.0026,7.116,1.4357,409.364,81.212,0.9136,17.01,1.11,0.3906,7.5344,0.5272,63.6387,4.1552,1.3668,1.0501,0.5711,0.1258,54.3883,264.272,0.5671,4.98,0.0877,2.0902,0.0382,1.8844,15.4662,532.8245,1.9063,10.0099,0.2329,3.4941,0.0745,1.8787,12.2165,,,,,0.4948,0.0129,0.004,2.5978,0.0348,0.016,0.0047,45.9641,-1
Wafer-540,3041.89,2458.12,2242.8555,1430.727,0.8832,100,106.21,0.1216,1.433,0.0388,0.0167,0.976,196.5961,0,3.8595,403.9058,10.503,0.9801,186.0931,12.4892,1.4104,-6222.5,3060.25,-4440,1524.5,0.974,1.894,5.1555,66.7333,2.0889,0.1577,4.6666,86.2857,8.5855,50.3174,63.9733,49.6826,66.0928,86.8774,118.8308,78.33,2.809,70,354.5345,10.2989,130.2973,726.7786,1.4068,144.0691,1,628.9009,167.8814,0,4.6,4.859,2858,0.9314,0.9465,4.4982,2.8618,353.5791,10.4568,113.1591,11.3909,17.1382,22.83,703.9486,1.0149,150.7718,1,617.51,79.5062,,,0,0.0112,-0.0207,0.0015,-0.0723,0.0308,-0.0867,0.0005,-0.0032,7.2828,0.1291,,2.391,0.9876,1846.8055,0.1973,8657.8701,0.0355,-0.001,0.0006,0,0,0.0577,0,0.0186,-0.0391,-0.0002,0,-0.0465,-0.0101,0.0005,0.001,-0.0006,0.0605,-0.0592,,,,0.4553,0.9459,0,768.9593,0.9912,59.2203,0.6117,0.9704,6.2499,15.91,3.193,15.96,15.95,1.04,2.662,0.5172,3.093,0.3311,0.7884,0.9969,2.3378,1008.7769,43.0959,,202.1,129.5,62.9001,227.0289,0.1099,0,5.67,0.0039,0.0728,0.0535,0.0542,0.0069,5.5385,0,3.212,8.042,0.4412,0.0049,5.0973,0.36,0.0367,,,627,682,1598,92,0.116,0.093,0.171,2.1,1,0.111,0.27,0.8273,0.1027,0.3367,0.4794,0.3367,0.5985,0.2189,0.391,0,0,19.27,0.384,19.15,19.496,0.1646,10.2,0,13.43,65.442,0,0,0,0,0,0,0.282,12.23,24.78,0.614,29.54,18.69,12.23,13.512,29.135,0.5427,7.82,0,18.69,103.576,0,0.128,0.0392,0.1442,0.049,0.1274,0.0651,0.1374,0.0573,3.9615,0.0017,,0.0568,0.0017,118.2354,0.0547,2011.7998,0,0.0139,0.0141,0,0,0,0,0,0,0,0,0,0.0056,0.0028,0,0,0,0,,,,0.0236,0.0231,0,263.3923,0.0006,2.3849,0.0211,0.0165,0.4087,0,0,0,0,0,0,0,0,0,0,0,0.0304,25.375,3.5779,,62.2912,45.9261,21.1302,80.6074,0.0359,0,2.1317,0.0011,0.0301,0.0167,0.0162,0.0021,1.8381,0,1.0442,2.4077,0.1286,0.0015,1.7245,0.0884,0.0123,,,259.364,297.7766,704.1141,38.923,0.0528,0.0387,0.0702,0.7314,0.3296,0.039,0.0733,0.3069,0.0387,0.1458,0.1783,0.1458,0.2387,0.0927,0.1418,0,0,0,5.9291,0.1223,5.5845,6.4883,0.0463,2.4791,0,4.7595,23.0794,0,0,0,0,0,0,0.0929,3.2766,7.2101,0.1754,8.4764,12.2602,3.2766,3.8854,9.4427,0.1598,1.9554,0,6.2238,35.5838,,,0,0.0306,0.0181,0.0594,0.0203,0.0367,0.0314,0.0593,0.0256,1.228,0.0006,,0.0201,0.0005,40.3438,0.0163,672.5819,0,0.0041,0.0037,0.0034,0.0021,0,0,0,0,0,0,0,0.0016,0.001,0,0,0,0,,,,0.0069,0.0075,0,83.0472,0.0002,0.7158,0.0072,0.0063,0.1409,0,0,0,0,0,0,0,0,0,0,0,0.0111,10.5761,1.1475,,6.6439,5.2683,2.8045,15.8681,12.4432,0,5.3385,3.2064,5.0803,138.0423,325.2813,0.7111,2.8172,0,83.2222,1.9911,4.2011,0.5019,2.7391,2.8825,2.6022,10.0763,22.2858,35.991,6.0348,11.9097,4.9102,3.3168,3.1469,47.8723,70.4017,5.7859,0.9588,1.1967,0.6692,0.7494,0.6777,0.9055,0.252,0.329,0,0,0,5.4353,3.7285,14.6972,2.6825,11.7,7.0799,0,2.1355,38.9811,0,0,0,0,0,0,6.2692,427.3507,7.0083,5.8718,26.1048,164.0785,71.3611,59.1854,4.1388,53.477,5.1866,0,3.0267,130.2741,0,0,189.601,0,67.7966,413.1334,75.1298,0,0,54.3959,1.3169,,2.3769,0.1673,6.4022,27.7137,23.2367,0,0,0,0,0,0,0,0,0,0,0,0,55.377,533.3333,0,0,0,0,,,,5.1816,2.4454,0,34.2531,0.0654,4.0271,3.4556,1.7034,6.539,0,0,0,0,0,0,0,0,0,0,0,1.3018,2.5154,8.3022,0.1096,0.0078,0.0026,7.116,1.2395,405.904,72.668,2.6488,15.43,1.9,1.1163,6.8613,0.7849,213.6966,3.8014,2.6146,0.9495,0.1103,0.0268,11.6115,,,,,,,,,531.6773,1.9737,7.58,0.2852,2.6042,0.0855,1.4257,14.4492,0.0142,0.0102,0.0031,71.778,0.4969,0.0116,0.0036,2.3394,0.0142,0.0102,0.0031,71.778,-1
Wafer-541,3006.39,2496.55,2220.4778,1531.698,1.7751,100,107.6856,0.1249,1.5624,-0.0159,0.0013,0.9811,197.3294,0,12.2403,408.2175,9.4949,0.9818,187.8345,12.5218,1.4079,-6305.25,3041.75,-4039,1567,0.9762,1.888,5.0947,67.4111,2.7556,0.1837,4.6542,86.0936,8.5891,50.4484,64.1358,49.5516,66.0981,86.7366,119.1796,78.4,2.915,70,354.8445,10.1841,141.9809,748.5214,1.2706,147.9718,1,644.7973,202.1775,0,4.637,4.836,2881,0.934,0.9588,4.5775,-2.0764,356.29,10.3665,119.9045,15.5746,22.0764,30.4914,718.03,0.8786,153.0282,1,629.2227,85.7339,,,0,-0.0195,-0.0586,0.001,-0.0459,0.0344,-0.0765,0,0.0398,7.2439,0.1351,,2.3651,0.9876,1846.8055,0.2021,8763.57,-0.0109,-0.0028,-0.0016,0.0003,0,-0.3512,0,1.0231,-0.0605,-0.0005,0.0005,-0.0574,-0.0141,0.0008,0.0029,0.0015,-0.1738,-0.1986,,,,0.4526,0.9443,0,755.3514,0.9902,59.0644,0.6034,0.979,6.3163,15.93,4.585,15.98,15.95,1.376,2.461,0.6903,2.92,-1.655,0.7591,0.9967,2.2937,1005.3318,42.9293,129,242.7,194.3,45.3999,380.0431,0.9433,0,6.98,0.0067,0.1721,0.0605,0.0506,0.0059,10.9516,0,15.901,6.152,0.3763,0.0047,10.6499,0.26,0.0316,,,572,780,1311,154,0.142,0.096,0.239,2.4,1,0.088,0.136,0.969,0.0613,0.4582,0.6485,0.4581,0.6511,0.1948,0.196,0,0,19.72,0.282,6.73,28.097,0.1104,7.4,0,23.9,67.492,0,0,0,0,0,0,0.211,7.16,19.31,0.212,6.72,23.85,7.16,5.796,31.282,0.1196,9.35,0,23.85,69.7,0,0.1157,0.0579,0.0916,0.0642,0.1017,0.0831,0.0715,0.1445,4.0175,0.0038,,0.0559,0.0017,118.2354,0.0587,2628.2002,0,0.0277,0.023,0,0,0,0,0,0,0,0,0,0.0047,0.006,0,0,0,0,,,,0.0162,0.0212,0,196.4097,0.0011,3.3302,0.0223,0.0038,0.4863,0,0,0,0,0,0,0,0,0,0,0,0.0215,25.494,4.0608,31.1758,79.1368,67.7041,14.6265,134.0559,0.2733,0,2.2908,0.0017,0.0573,0.018,0.0139,0.0021,3.339,0,4.3312,1.8016,0.1247,0.0016,3.2447,0.0743,0.013,,,252.5449,320.9241,657.3561,65.7774,0.0587,0.0411,0.1005,0.7574,0.3745,0.0277,0.0511,0.3537,0.0228,0.1776,0.2316,0.1776,0.2742,0.0785,0.0757,0,0,0,6.314,0.0927,1.9931,8.1083,0.0363,2.3871,0,7.1578,20.0055,0,0,0,0,0,0,0.0652,2.1391,6.5522,0.0597,1.8748,10.3051,2.1391,2.2432,9.6708,0.0384,2.9181,0,7.1616,19.4219,,,0,0.0278,0.0246,0.0435,0.0323,0.0313,0.0384,0.0312,0.0726,1.5415,0.0011,,0.0169,0.0005,40.3438,0.0183,842.6579,0,0.0073,0.0074,0.0054,0.0022,0,0,0,0,0,0,0,0.0014,0.0022,0,0,0,0,,,,0.0049,0.0071,0,65.1065,0.0003,1.0441,0.0072,0.0016,0.1515,0,0,0,0,0,0,0,0,0,0,0,0.0066,9.1571,1.2545,5.8964,8.0728,7.7827,2.0446,24.8119,53.1435,0,6.4818,5.366,11.0152,379.459,0,0.5995,5.5499,0,129.9072,1.507,3.9632,0.4793,5.6698,2.0764,2.2466,9.0718,25.6431,32.4585,9.8277,14.5455,5.0847,4.6911,3.5602,36.2903,47.9129,2.9221,1.1255,0.7133,0.9083,1.0111,0.9245,0.9851,0.2246,0.1645,0,0,0,5.5574,2.769,4.7401,3.7537,8.6902,5.001,0,3.7066,33.3826,0,0,0,0,0,0,4.6095,344.8336,5.4197,2.0451,5.6045,153.1343,32.4329,19.0086,4.3566,13.6147,6.11,0,3.7904,81.298,0,593.3333,98.7633,0,139.7171,295.2104,108.6275,0,362.8374,55.46,2.812,,2.3632,0.1673,6.4022,29.0453,29.9901,0,993.722,0,0,0,0,0,0,0,0,0,0,33.2449,738.4615,0,0,0,0,,,,3.5726,2.2476,0,26.0024,0.1155,5.6382,3.6922,0.3908,7.6994,0,0,0,0,0,0,0,0,0,0,0,0.9382,2.5359,9.4593,0.1096,0.0078,0.0026,7.116,,,,,,,,,,,,,0.951,0.1038,0.036,10.9099,,,,,,,,,531.8827,2.0572,8.31,0.2494,3,0.0771,1.5624,12.124,,,,,0.5031,0.022,0.0049,4.3823,0.0142,0.0102,0.0031,71.778,-1
Wafer-542,2976.75,2508.1,2242.8555,1430.727,0.8832,100,106.21,0.1216,1.4413,-0.0206,0.0151,0.975,196.88,0,11.3892,409.5023,10.3778,0.9797,186.5023,12.4996,1.3956,-5412.5,2500.5,-4143.5,-632.5,1.2763,1.9957,7.2045,67.3667,2.7222,0.2289,3.4331,85.7033,8.7568,50.0323,63.6774,49.9677,66.3915,86.5928,118.7572,76.76,3.341,70,354.6527,10.1519,131.5155,728.2117,1.391,145.1209,1,631.2891,231.2733,0,4.611,4.856,2848,0.9305,0.9495,4.5122,3.36,354.4973,10.4435,114.8755,15.4055,16.64,25.3734,702.8384,0.9857,146.5109,1,615.8836,53.5951,152.6554,463.2283,0,0.0097,-0.044,0.0063,-0.0376,0.0243,0.0185,-0.0201,0.0367,7.0181,0.1211,,2.4479,0.9671,1664.8378,0.1962,8642.9699,-0.0126,-0.0032,-0.0032,0.0003,0,-0.4581,0,1.2125,-0.0707,-0.0004,0.0006,-0.0467,-0.0144,0.001,0.0034,0.0032,-0.2872,-0.1822,,,,0.4341,0.9199,0,721.9475,0.9903,56.9709,0.5986,0.966,6.2851,15.79,4.254,15.81,15.77,0.9649,2.888,0.9233,3.878,0.7569,0.6627,0.9989,2.3495,1000.8402,45.4033,382,57.6,105.1,62.9001,227.0289,0.1099,0,5.67,0.0039,0.0996,0.0677,0.1002,0.0088,6.9564,0,8.655,10.93,0.6647,0.0059,6.2916,0.28,0.0668,,,1090,229,6800,2503,0.168,0.099,0.17,2.8,0.8,0.14,0.351,0.497,0.1144,0.3131,0.5167,0.3131,0.7184,0.1293,1.008,0,0,17.27,0.362,9.29,33.842,0.1546,6.25,0,21.08,41.733,0,0,0,0,0,0,0.256,5.87,18.61,0.442,10.38,28.9,5.87,8.083,33.587,0.366,10.3,0,28.9,74.961,0,0.0858,0.0618,0.1287,0.0676,0.1098,0.0899,0.0574,0.1194,3.1541,0.0035,,0.0642,0.0137,82.1368,0.0444,806.5,0,0.0394,0.0206,0,0,0,0,0,0,0,0,0,0.0066,0.0041,0,0,0,0,,,,0.4686,0.0229,0,68.8286,0.0012,3.5704,0.0318,0.0224,0.4285,0,0,0,0,0,0,0,0,0,0,0,0.0446,37.129,4.079,63.9084,22.4426,35.1482,21.1302,80.6074,0.0359,0,2.1317,0.0011,0.0429,0.0199,0.0245,0.0027,2.0922,0,2.7238,2.8958,0.1898,0.0018,1.921,0.0743,0.0232,,,550.8844,100.7058,2781.9314,1050.1036,0.076,0.051,0.0784,0.9206,0.2386,0.0438,0.1159,0.1883,0.0442,0.1233,0.1987,0.1233,0.2656,0.0502,0.4203,0,0,0,5.318,0.1058,2.5972,10.1082,0.0442,1.7548,0,6.6742,13.4493,0,0,0,0,0,0,0.0811,1.4819,5.5034,0.1278,3.1395,9.6147,1.4819,2.175,10.1995,0.104,2.7846,0,7.6277,21.4487,7.2969,2.3596,0,0.0225,0.0291,0.061,0.0325,0.0328,0.0426,0.026,0.0634,1.1475,0.001,,0.023,0.0039,30.9904,0.012,264.1052,0,0.0104,0.0067,0.0067,0.0023,0,0,0,0,0,0,0,0.0021,0.0017,0,0,0,0,,,,0.1147,0.0074,0,21.981,0.0003,1.1962,0.0098,0.0069,0.1476,0,0,0,0,0,0,0,0,0,0,0,0.0138,12.3207,1.2009,17.4781,1.935,4.1904,2.8045,15.8681,12.4432,0,5.3385,3.2064,6.9104,328.4415,663.8509,0.9051,3.5333,0,75.9932,2.6691,6.4047,0.5985,3.3735,2.2401,4.7843,20.1386,9.1582,164.1125,395.7312,13.1636,4.9605,2.3596,4.1564,29.3878,61.165,10.224,0.5799,1.306,0.6258,0.8114,0.6266,1.0821,0.1493,0.8488,0,0,0,4.8695,3.5658,7.0638,4.6473,11.117,4.3068,0,3.3392,18.0449,0,0,0,0,0,0,5.6735,174.7024,5.2497,4.2323,9.0359,187.5957,35.2764,31.8562,4.7788,37.132,7.0302,0,4.6924,139.8654,0,883.3977,140.5344,0,179.9069,451.2715,485.9459,285.9278,325.3406,44.942,2.8899,,2.622,1.4194,4.9336,22.6181,9.3313,0,0,642.4951,0,0,0,0,0,0,0,0,0,45.8732,431.5789,0,0,0,0,,,,107.9521,2.4892,0,9.5337,0.1251,6.267,5.3164,2.3214,6.8174,0,0,0,0,0,0,0,0,0,0,0,1.8976,3.7098,8.9839,0.1096,0.0078,0.0026,7.116,1.5199,412.332,73.95,0.501,19.64,1.24,0.1984,9.332,0.4695,32.9648,4.7631,1.6768,0.9602,0.1042,0.0297,10.8507,264.272,0.5671,4.98,0.0877,2.0902,0.0382,1.8844,15.4662,534.0555,2.0153,8.58,0.1975,3.0459,0.071,1.6066,9.8005,,,,,0.4966,0.0097,0.0027,1.9471,0.0142,0.0102,0.0031,71.778,-1
Wafer-543,3009.65,2515.97,2216.4778,1242.235,0.8379,100,105.1111,0.1233,1.5996,-0.0095,-0.0072,0.9559,200.4821,0,7.5901,404.3479,10.6751,0.9754,189.807,12.5351,1.4185,-5320.5,2775.25,-3819,304,1.3165,2.0238,7.3545,66.9333,2.2,0.1873,3.3962,84.7226,8.9635,50.5609,64.2798,49.4391,66.2774,86.9622,118.5886,77.84,3.243,70,361.7155,9.8952,140.4445,745.9903,1.2882,139.6882,1,641.8482,198.343,0,4.659,4.911,2848,0.928,0.9487,4.5337,4.0427,358.9464,10.167,124.4873,12.3891,15.9573,23.229,722.7613,1.0437,146.0255,1,629.4591,54.9354,,,0,-0.0177,-0.0394,-0.0214,-0.0916,0.0068,-0.1174,-0.0674,-0.022,7.6154,0.139,,2.4035,0.9882,1729.1412,0.2034,9322.2499,-0.0376,0.0017,-0.0025,-0.0002,0.0001,0.2737,0,-0.6012,0.026,0.0001,-0.0003,-0.0306,-0.0093,-0.0004,-0.0016,0.0025,-0.0851,-0.07,,,,0.4628,0.9404,0,718.4279,0.9907,58.0339,0.6019,0.9686,6.2891,15.92,4.92,15.96,15.96,1.399,2.471,0.7857,3.062,-0.0946,0.7436,0.9971,2.3063,1006.0844,39.14,131,74.9,86.3,53.3,180.863,0.2243,0,3.78,0.0043,0.0911,0.036,0.0377,0.0205,9.1675,0,3.734,7.64,0.4232,0.0105,8.8051,0.26,0.0307,,,197,2059,537,13723,0.151,0.184,0.149,2.2,1,0.149,0.311,0.6475,0.072,0.2169,0.5249,0.2169,0.7847,0.2436,0.184,0,0,16.89,0.602,12.76,38.995,0.1701,7.7,0,23.88,38.844,0,0,0,0,0,0,0.224,7.61,22.97,0.884,10.39,26.18,7.61,11.358,31.265,0.3344,7.94,0,26.18,106.08,0,0.0617,0.0647,0.0416,0.0756,0.045,0.0952,0.069,0.0465,3.5969,0.0029,,0.0758,0.0026,93.6949,0.1323,1411.4004,0,0.0264,0.0206,0,0,0,0,0,0,0,0,0,0.0065,0.0034,0,0,0,0,,,,0.031,0.0193,0,142.7325,0.0007,1.9651,0.0297,0.0202,0.4234,0,0,0,0,0,0,0,0,0,0,0,0.0343,31.216,4.5258,31.9114,22.5536,31.8371,19.1529,66.5739,0.0786,0,1.2819,0.0011,0.0257,0.0114,0.0116,0.0068,3.2973,0,1.4344,2.5363,0.119,0.0034,3.2312,0.0787,0.0098,,,86.7967,853.8912,248.4525,5735.0669,0.0726,0.0754,0.0664,0.6481,0.3536,0.0581,0.0915,0.261,0.0274,0.0901,0.2068,0.0901,0.3216,0.1076,0.0825,0,0,0,5.6554,0.1879,3.4807,11.4274,0.0462,1.9762,0,7.1874,14.2163,0,0,0,0,0,0,0.0775,2.1851,6.4518,0.2496,3.0849,10.5465,2.1851,3.4577,9.5925,0.1069,2.9031,0,7.5904,31.4582,,,0,0.0179,0.0328,0.0202,0.0331,0.0128,0.0512,0.0285,0.0217,1.3744,0.0008,,0.0241,0.0008,30.2974,0.0393,399.0067,0,0.0072,0.0055,0.0068,0.005,0,0,0,0,0,0,0,0.0021,0.0012,0,0,0,0,,,,0.0081,0.0065,0,42.7497,0.0002,0.6908,0.0103,0.0069,0.1453,0,0,0,0,0,0,0,0,0,0,0,0.0112,10.5767,1.3543,6.0079,2.4887,3.4301,2.4047,14.5595,26.7732,0,3.5962,3.4864,5.6951,377.7049,523.6111,2.1483,4.5727,0,49.1957,1.8895,3.9648,1.0777,4.639,2.0742,2.1663,3.7027,74.1915,14.0613,0,11.4698,9.092,2.026,3.2869,45.4545,79.5374,9.1572,0.7643,0.8028,0.429,0.8166,0.4387,1.184,0.2801,0.1552,0,0,0,4.6694,6.0838,9.0854,5.2273,13.2064,5.5123,0,3.7205,19.5843,0,0,0,0,0,0,4.9408,188.2393,6.3993,8.6948,8.3462,211.3148,47.6899,48.8959,4.3258,32.0428,5.4374,0,4.1591,193.0997,0,347.7281,164.3175,194.3925,82.5553,659.945,81.0558,102.4119,211.6041,47.2323,2.0858,,3.1529,0.2581,5.4186,65.082,15.1401,0,0,826.0652,0,0,0,0,0,0,0,0,0,69.7051,971.4286,0,0,0,0,,,,6.6988,2.05,0,19.8673,0.0696,3.3861,4.9428,2.0865,6.7317,0,0,0,0,0,0,0,0,0,0,0,1.4871,3.1027,11.5631,0.1096,0.0078,0.0026,7.116,1.5941,406.118,82.076,1.0192,17.24,1.57,0.505,8.2458,0.7845,63.9363,4.2451,1.9129,0.9799,0.4397,0.0728,44.8745,265.996,0.8106,4.55,0.099,1.8045,0.0373,1.7105,12.2083,534.3355,2.2662,9.03,0.2605,3.3888,0.0777,1.69,11.4947,,,,,0.5029,0.0198,0.0042,3.9426,0.0142,0.0102,0.0031,71.778,-1
Wafer-544,3052.16,2576.19,2141.0667,1236.5212,0.9698,100,98.3344,0.1238,1.4922,0.0195,0.0003,0.963,197.0727,0,8.2874,406.2886,10.3426,0.9695,186.7301,12.5227,1.4079,-5304.5,2670,-4969.75,-4992.3333,1.305,2.0155,7.3768,68.8556,1.8333,0.1529,3.4916,85.1669,8.3324,50.4421,64.154,49.5579,66.2381,86.8346,118.4616,77.63,3.385,70,359.3836,10.0725,138.7573,742.1335,0.9278,137.5227,1,635.6636,125.8429,0,4.659,4.911,2848,0.928,0.9487,4.5337,2.8618,359.9545,10.3463,121.6191,8.6469,17.1382,21.7888,720.3446,1.0717,147.81,1,629.3836,68.9028,,,0,-0.0408,-0.0493,-0.0053,-0.0961,0.0251,-0.0871,-0.0603,-0.0277,6.7047,0.1309,,2.3377,0.9875,1839.6873,0.189,8571.1401,0.1358,-0.0048,-0.0071,-0.0001,0.0001,0.1664,0,-0.1602,-0.0214,-0.0003,-0.0001,-0.0778,-0.0129,0.0003,0.0048,0.0071,-0.1409,-0.1914,,,,0.4597,0.9752,0,746.4008,0.9912,58.8306,0.6066,0.9705,6.186,15.91,4.392,15.94,15.89,1.239,2.453,0.6586,2.91,-0.5204,0.7586,0.9981,2.2967,1003.0211,38.9026,110,195.8,156.8,61.3999,322.771,0.0854,0,6.63,0.0042,0.107,0.0569,0.0553,0.0152,3.166,0,3.949,8.316,0.2831,0.0118,2.9463,0.28,0.0823,,,485,561,7381,17042,0.109,0.101,0.174,2.8,1.8,0.185,0.689,0.9912,0.2526,0.2366,0.5231,0.2366,0.7471,0.2097,0.289,0,0,20.62,0.587,10.99,36.055,0.0664,8.09,0,26.29,17.725,0,0,0,0,0,0,0.224,4.88,20.61,0.542,9.7,16.71,4.88,7.111,30.804,0.7872,9.58,0,25.23,92.967,0,0.0972,0.0374,0.0547,0.0442,0.0637,0.0778,0.0712,0.0542,4.3129,0.0023,,0.0593,0.003,149.9529,0.059,1718.2998,0,0.018,0.0219,0,0,0,0,0,0,0,0,0,0.0038,0.0043,0,0,0,0,,,,0.0199,0.0116,0,175.1519,0.0005,2.8724,0.0376,0.0229,0.4464,0,0,0,0,0,0,0,0,0,0,0,0.0334,33.747,4.0302,24.0283,71.493,55.6412,21.9104,121.4834,0.0278,0,2.0315,0.0013,0.0383,0.0169,0.0169,0.0051,1.1738,0,1.2315,2.2335,0.0891,0.0038,1.0899,0.0695,0.0253,,,214.2623,270.6622,3461.3988,8883.5714,0.0498,0.0455,0.0829,0.9221,0.559,0.0569,0.2324,0.3511,0.1041,0.1036,0.1928,0.1036,0.3089,0.0919,0.1154,0,0,0,7.1774,0.1975,3.0235,10.9805,0.0214,2.7465,0,8.026,6.5706,0,0,0,0,0,0,0.0775,1.4848,6.6293,0.1558,3.1621,11.1931,1.4848,2.0975,10.1533,0.28,2.6309,0,7.6407,30.737,,,0,0.0283,0.0169,0.0271,0.0184,0.0221,0.0395,0.0296,0.0291,1.5559,0.0008,,0.0202,0.0009,44.8463,0.0228,525.7493,0,0.0059,0.0063,0.0035,0.0017,0,0,0,0,0,0,0,0.0016,0.0015,0,0,0,0,,,,0.0055,0.0035,0,51.9175,0.0002,0.7457,0.0118,0.0073,0.1464,0,0,0,0,0,0,0,0,0,0,0,0.012,13.4011,1.3131,5.0095,6.4151,6.0865,2.8677,26.1032,8.8091,0,6.7423,3.3921,7.1704,292.0757,0,1.5744,1.6065,0,47.6509,2.0468,2.7367,1.2189,1.5778,2.2359,5.8484,9.1432,21.0112,148.5185,341.3634,8.3525,5.0112,2.3588,4.0665,98.1818,121.0029,19.7333,1.1638,3.032,0.4691,0.8154,0.4774,1.1279,0.2415,0.244,0,0,0,5.7376,5.8277,7.9203,4.8583,7.1515,5.8827,0,4.1358,14.085,0,0,0,0,0,0,4.9408,170.521,5.7257,5.2386,7.9757,193.2476,28.4744,32.636,4.2763,73.4527,6.4813,0,4.0087,134.9248,0,238.491,75.9391,0,45.9698,253.5323,89.3483,118.0763,195.8446,64.326,1.7568,,2.5372,0.3076,8.151,31.1969,20.0475,0,376.9634,306.8301,0,0,0,0,0,0,0,0,0,29.4004,0,0,0,0,0,,,,4.3333,1.1934,0,23.4662,0.0509,4.8825,6.2029,2.3574,7.2163,0,0,0,0,0,0,0,0,0,0,0,1.4539,3.3645,10.3597,0.1096,0.0078,0.0026,7.116,0.7802,403.336,72.7,0.3926,22.04,0.84,0.1584,10.3503,0.3143,50.3223,5.4644,1.1554,1.0127,0.3916,0.0774,38.6727,267.414,0.7127,10.1,0.1294,3.7801,0.0528,3.7769,18.1549,536.48,1.924,8.98,0.3394,3.07,0.0905,1.6739,17.6407,,,,,0.4991,0.0121,0.0032,2.4294,0.0142,0.0102,0.0031,71.778,-1
Wafer-545,3033.91,2607.33,2164.3,1031.4032,1.3626,100,102.1322,0.1242,1.5835,-0.0236,0.0044,0.9524,200.9876,0,5.112,402.951,10.0777,0.9746,190.9098,12.58,1.4055,-5387.5,2706,-4763.5,6028.5,1.2762,1.9693,7.3427,71.5444,1.9556,0.1616,3.5223,84.7348,8.6706,49.9566,64.5635,50.0434,65.8977,86.8967,118.1992,77.84,3.515,70,349.4127,10.2904,136.7591,733.9962,0.8822,144.9355,1,631.1073,127.3066,0,4.627,4.888,2870,0.9356,0.9467,4.5724,-1.9909,351.1264,10.5597,114.7682,12.5046,21.9909,26.8809,707.1153,0.946,152.7082,1,618.6027,72.7324,,,0,0.0143,-0.0171,0.0605,-0.0436,0.0014,0.0102,-0.0068,0.0028,7.1705,0.1326,,2.4247,0.9668,1832.2863,0.2033,8746.5098,-0.1202,0.0019,-0.0007,-0.0001,0.0001,0.0894,0,-0.0904,0.0437,-0.0001,0,-0.0033,-0.0112,-0.0006,-0.0019,0.0007,-0.0535,-0.0916,,,,0.4579,0.9551,0,752.0981,0.9909,59.0358,0.6094,0.9727,6.1906,15.91,3.193,15.96,15.95,1.04,2.662,0.5172,3.093,0.3311,0.7884,0.9969,2.3378,1008.7769,43.0959,129,52.9,93.2,45.7002,230.117,0.1287,0,6.83,0.0043,0.1563,0.0305,0.0359,0.0247,7.2591,0,2.063,11.63,1.0583,0.0113,6.9305,0.17,0.0342,,,368,363,1145,4853,0.125,0.081,0.077,2.1,1.2,0.2,0.479,0.4945,0.0975,0.4189,0.5131,0.4189,0.7879,0.0735,1.123,0,0,21.07,0.341,7.28,22.983,0.0746,5.51,0,18.32,22.993,0,0,0,0,0,0,0.192,4.95,19.16,0.247,4.93,17.36,4.95,5.825,27.352,0.2247,17.45,0,17.36,101.888,0,0.0634,0.0619,0.0526,0.1189,0.023,0.0955,0.0782,0.1598,4.9855,0.0036,,0.036,0.0074,111.6951,0.039,1916.6001,0,0.019,0.0195,0,0,0,0,0,0,0,0,0,0.0045,0.0059,0,0,0,0,,,,0.08,0.0278,0,184.0014,0.0009,1.7218,0.0198,0.0205,0.5614,0,0,0,0,0,0,0,0,0,0,0,0.0304,25.375,3.5779,30.8561,19.5554,27.2189,17.463,86.4589,0.0401,0,2.5113,0.0012,0.0538,0.0087,0.0117,0.008,2.3212,0,0.6666,3.1421,0.2885,0.0037,2.1399,0.0499,0.0125,,,163.186,182.0385,474.9221,3431.5892,0.0512,0.0335,0.0326,0.7518,0.3972,0.0592,0.1362,0.2281,0.0386,0.1608,0.1863,0.1608,0.2996,0.034,0.457,0,0,0,6.0443,0.096,2.1493,6.7757,0.0225,1.4288,0,4.8459,8.9063,0,0,0,0,0,0,0.0624,1.4115,5.889,0.0731,1.6958,9.0449,1.4115,1.7451,8.0912,0.0701,4.5575,0,4.8843,30.1526,,,0,0.0149,0.0268,0.0252,0.0529,0.0073,0.0528,0.0426,0.0728,1.7789,0.0011,,0.0129,0.0027,36.9226,0.0115,574.0401,0,0.0053,0.005,0.0028,0.0035,0,0,0,0,0,0,0,0.0016,0.0021,0,0,0,0,,,,0.0203,0.0095,0,55.7511,0.0002,0.5068,0.0064,0.0062,0.1816,0,0,0,0,0,0,0,0,0,0,0,0.0111,10.5761,1.1475,6.0282,1.7436,3.5745,2.1115,22.3111,9.4461,0,6.6874,3.4632,9.8706,129.2031,815.9091,2.5929,3.6117,0,40.356,2.8862,10.5013,1.1597,3.6302,1.3514,2.4304,6.8306,13.4146,24.0369,80.501,9.7943,4.1132,1.0487,2.9352,61.3636,123.7964,13.5989,0.5836,1.1239,0.8385,0.7947,0.8371,1.1956,0.0846,0.9501,0,0,0,6.0301,3.3138,5.3232,3.1312,8.4597,3.8017,0,2.9028,18.0611,0,0,0,0,0,0,4.1991,248.6301,5.4567,2.3391,4.2956,138.8291,22.5093,21.6696,3.8681,23.7517,11.427,0,2.8063,140.0862,0,443.3566,360.9329,86.9781,272.7064,0,940.8867,0,0,69.5284,2.7149,,1.4855,0.763,6.0959,19.195,21.9127,0,996.7213,0,0,0,0,0,0,0,0,0,0,40.0891,0,0,0,0,0,,,,17.4688,2.9139,0,24.4651,0.0865,2.9165,3.2449,2.1052,9.069,0,0,0,0,0,0,0,0,0,0,0,1.3018,2.5154,8.3022,0.1096,0.0078,0.0026,7.116,,,,,,,,,,,,,0.919,0.1361,0.0315,14.8109,264.272,0.5671,4.98,0.0877,2.0902,0.0382,1.8844,15.4662,532.5646,2.7395,13.35,1.138,4.0485,0.3883,2.5067,41.5401,0.0277,0.0118,0.0034,42.7294,0.5009,0.0142,0.0036,2.8275,0.0277,0.0118,0.0034,42.7294,-1
Wafer-546,2922.65,2560.92,2201.8222,1288.0857,1.6769,100,95.9789,0.1209,1.4838,0,-0.0074,0.9752,203.7049,0,10.7967,405.6717,10.1225,0.972,193.5824,12.508,1.4125,-6300.25,2881.5,-1187.75,1538.25,0.997,1.8685,4.9273,69.7556,2.3111,0.1819,4.5908,85.9922,8.5334,50.2818,63.9469,49.7183,66.1932,86.8109,118.5424,78.33,3.342,70,351.8118,9.9217,132.3682,720.9485,1.0273,134.5318,1,618.7118,55.7386,0,4.576,4.819,2830,0.9327,0.9495,4.5454,0.7655,350.3173,10.4556,113.1336,8.8098,19.2345,25.2115,695.737,0.8485,147.6055,1,611.0564,67.5434,,,0,-0.0173,-0.0484,-0.0672,-0.0455,0.002,-0.1084,-0.0148,0.0225,7.384,0.1353,,2.443,0.9647,1854.7706,0.2134,9152.0399,-0.0267,0,-0.0037,-0.0002,0.0001,0.1732,0,-0.3507,0.0809,0,-0.0002,0.0288,-0.0089,-0.0011,0.0001,0.0037,-0.0292,-0.0611,,,,0.4653,0.9439,0,644.3452,0.9904,58.8905,0.594,0.9685,6.3016,15.95,4.41,16.01,15.97,1.447,2.875,0.6809,3.118,-0.5204,0.7232,0.9961,2.2771,1007.4808,38.3809,125,178.3,118.6,59.2,532.019,0.2062,0,8.3,0.0046,0.062,0.0325,0.0364,0.0105,8.7142,0,7.094,10.521,0.4859,0.0096,8.2566,0.36,0.0429,0.0395,1063.2998,405,535,12532,113,0.104,0.063,0.282,2.9,0.9,0.094,0.174,0.845,0.0722,0.3487,0.8189,0.3488,0.802,0.1414,0.134,0,0,25.07,0.972,9.13,28.733,0.1519,8.8,0,24.79,18.591,0,0,0,0,0,0,0.26,4.8,20.23,0.347,8.99,15.36,4.8,5.463,31.353,0.438,8.5,0,20.22,85.001,0,0.0519,0.0466,0.0328,0.1003,0.0344,0.076,0.0957,0.0572,2.991,0.0028,,0.0658,0.013,113.4626,0.0347,820.6006,0,0.0124,0.0179,0,0,0,0,0,0,0,0,0,0.0057,0.004,0,0,0,0,,,,0.0244,0.0207,0,107.1619,0.0008,2.1635,0.0302,0.0219,0.448,0,0,0,0,0,0,0,0,0,0,0,0.0413,31.723,2.7649,31.1663,57.0416,49.4104,20.4963,153.1415,0.0758,0,2.5903,0.0014,0.0233,0.0096,0.0098,0.0036,3.1223,0,2.4828,3.0734,0.1413,0.0031,3.0347,0.0969,0.0132,0.0115,360.0061,165.363,260.2953,5816.3,47.6751,0.0468,0.0304,0.1254,0.9799,0.306,0.0304,0.0575,0.3146,0.031,0.126,0.3176,0.126,0.3029,0.0598,0.0678,0,0,0,7.1479,0.3137,2.6882,8.7336,0.0396,2.732,0,7.657,4.744,0,0,0,0,0,0,0.0909,1.377,6.1807,0.0976,2.6697,10.4844,1.377,1.9061,9.9325,0.1365,2.4422,0,6.1493,28.7877,,,0,0.0162,0.0204,0.0159,0.0518,0.0093,0.0391,0.0467,0.0249,1.0135,0.0008,,0.0199,0.004,34.0329,0.0106,298.1231,0,0.0037,0.0046,0.0034,0.0028,0,0,0,0,0,0,0,0.0018,0.0017,0,0,0,0,,,,0.0073,0.0079,0,33.4078,0.0002,0.5973,0.009,0.0076,0.1478,0,0,0,0,0,0,0,0,0,0,0,0.0135,11.4372,0.8707,5.8044,6.1006,4.6311,2.6887,41.3031,12.2969,0,8.6477,3.8045,4.1785,0,489.0008,1.0766,4.2779,0,65.7051,2.5935,4.8005,0.9829,4.2652,2.8782,3.0357,6.4283,18.5667,0,7.346,10.4313,3.3717,5.7233,4.1574,38.9423,51.6799,3.7902,0.9826,0.8463,0.6935,1.2806,0.7016,1.2116,0.1629,0.113,0,0,0,7.126,9.7967,6.8974,3.9854,14.7857,6.5412,0,4.0067,33.3539,0,0,0,0,0,0,5.72,627.0784,5.7748,3.3188,7.9464,174.3512,24.9551,21.6685,4.5064,51.6142,5.7586,0,3.309,125.8466,0,300.1084,96.281,48.7914,220.3185,0,70.1107,647.7157,253.6585,40.5059,2.0688,,2.6924,1.3503,6.1173,16.2381,8.9663,0,0,482.1549,0,0,0,0,0,0,0,0,0,63.6872,367.8161,0,0,0,0,,,,5.2376,2.1939,0,16.6311,0.0823,3.6737,5.0833,2.2574,7.1094,0,0,0,0,0,0,0,0,0,0,0,1.8115,3.1487,7.2038,0.1096,0.0078,0.0026,7.116,0.8306,401.962,80.522,0.3814,19.16,1.79,0.1561,9.0232,0.6854,45.9176,4.7666,2.223,0.9795,0.3463,0.0644,35.3519,,,,,,,,,536.6973,1.5839,8.14,0.1965,2.5457,0.056,1.5167,12.4072,,,,,0.5039,0.0104,0.0032,2.0573,0.0277,0.0118,0.0034,42.7294,-1
Wafer-547,2990.72,2425.46,2155.6333,1070.0439,0.8024,100,101.4333,0.1241,1.4756,0.0125,-0.0096,0.9816,198.4986,0,10.1323,414.9614,9.4603,0.9814,189.0383,12.448,1.3964,-5803,2726.25,-4816,-858.5,1.2888,1.9852,7.2767,65.3778,1.8889,0.2851,3.4612,84.9334,8.5459,50.4349,64.1179,49.5651,66.2647,86.6954,118.4652,77.72,2.013,70,350.9955,9.8815,136.2991,724.8676,1.0184,134.0464,1,621.3409,55.247,0,4.598,4.87,2824,0.9338,0.944,4.5389,1.9245,349.2055,10.3481,118.2236,9.5869,18.0755,22.7319,702.1357,1.1641,145.6355,1,613.0645,90.114,,,0,0.0005,-0.0787,0.023,-0.008,-0.0081,-0.0824,-0.0229,0.0234,7.239,0.1378,,2.3783,0.9685,1823.8228,0.19,8363.76,0.0807,0.0021,-0.0042,0,0,0.0283,0,0.2371,0.093,-0.0004,0.0001,-0.0698,-0.0118,-0.0013,-0.002,0.0043,-0.013,-0.0466,,,,0.4652,0.9339,0,705.4618,0.9903,57.9313,0.5914,0.9661,6.3092,15.92,4.567,15.99,15.99,1.338,2.803,0.6982,3.019,0.2365,0.7287,0.9959,2.2728,1008.7232,39.0136,133,67.9,96.8,55.2,330.043,0.1043,0,7.38,0.0033,0.1285,0.0712,0.1064,0.0048,11.4256,0,6.991,7.161,0.5126,0.0042,10.9131,0.33,0.1099,,,1115,340,2945,4264,0.134,0.035,0.181,21.1,8.4,0.365,0.731,0.9273,0.1506,0.396,0.5927,0.396,0.5986,0.3631,0.193,0,0,23.51,0.99,9.32,28.799,0.2209,16.78,0,25.63,17.776,0,0,0,0,0,0,0.291,11.56,18.93,0.435,10.83,19.28,11.56,10.629,35.725,0.2915,6.76,0,23.88,55.346,0,0.0483,0.0563,0.0886,0.1394,0.0644,0.0664,0.0608,0.0469,4.3983,0.0019,,0.0389,0.0069,58.3865,0.021,631.5996,0,0.0125,0.0168,0,0,0,0,0,0,0,0,0,0.0065,0.0049,0,0,0,0,,,,0.0362,0.0269,0,79.914,0.0009,3.0983,0.0345,0.0233,0.3934,0,0,0,0,0,0,0,0,0,0,0,0.0322,30.558,5.223,34.5365,21.1206,28.0162,20.3445,116.5224,0.0379,0,2.2388,0.001,0.0447,0.0174,0.0245,0.0017,3.5698,0,2.3267,2.533,0.1589,0.0014,3.4383,0.0877,0.0352,,,509.6685,158.7123,1321.6931,1944.2046,0.0561,0.0165,0.0918,5.3602,2.6881,0.1071,0.2277,0.3312,0.0536,0.1565,0.236,0.1565,0.2619,0.1319,0.0763,0,0,0,6.8691,0.3244,2.9683,8.7757,0.0614,4.6163,0,7.8563,4.9239,0,0,0,0,0,0,0.0932,3.2594,5.7777,0.1231,3.2296,10.4447,3.2594,3.3364,11.1521,0.08,1.886,0,6.9459,18.8515,,,0,0.0136,0.0278,0.0386,0.0608,0.0165,0.0333,0.0277,0.0247,1.6564,0.0006,,0.0147,0.0022,17.7745,0.007,215.7419,0,0.0032,0.0047,0.0022,0.0032,0,0,0,0,0,0,0,0.0021,0.0016,0,0,0,0,,,,0.0084,0.0094,0,25.2555,0.0003,1.0545,0.0103,0.0077,0.1308,0,0,0,0,0,0,0,0,0,0,0,0.0106,11.6371,1.8206,5.9241,2.2704,3.991,2.5607,30.8439,13.004,0,7.2757,2.6581,8.7083,571.8876,0,0.4866,5.756,0,68.9974,1.7257,5.4185,0.4244,5.7729,2.651,7.8675,19.2142,12.4713,61.1503,496.6803,10.3977,1.763,2.4874,32.274,444.7059,128.0203,21.1197,1.0918,1.7625,0.7852,0.9244,0.7989,0.9033,0.4188,0.1629,0,0,0,6.6981,10.0188,6.8379,3.973,21.6935,12.5181,0,4.1249,32.1755,0,0,0,0,0,0,6.4112,600.6613,5.4209,4.2037,9.1606,201.1081,63.9541,46.7579,5.088,25.0367,4.6417,0,3.8952,61.4178,0,0,71.5375,386.0566,0,796.9064,80.6315,265.5022,200.6417,60.7586,1.3787,,1.636,0.7131,3.2013,11.0496,7.5516,0,607.9027,398.2222,0,0,0,0,0,0,0,0,0,54.9102,392,0,0,0,0,,,,7.7789,2.8854,0,11.3279,0.0957,5.3483,5.8354,2.4098,6.2358,0,0,0,0,0,0,0,0,0,0,0,1.4182,3.0294,13.3877,0.1096,0.0078,0.0026,7.116,0.9959,407.498,81.576,0.6232,15.38,2.65,0.2554,6.7441,1.0794,62.5803,3.7743,3.2485,0.9772,0.0926,0.0236,9.4814,250.11,0.6282,10.4,0.141,4.3586,0.0633,4.1582,22.4452,534.72,2.3705,7.04,0.2603,2.6664,0.0868,1.3166,10.9822,0.0182,0.0139,0.0039,76.6094,0.5088,0.0275,0.0062,5.4146,0.0182,0.0139,0.0039,76.6094,1
Wafer-548,2973.53,2532.81,2228.4444,1364.0563,0.8795,100,106.2756,0.1216,1.5731,0.0076,0.004,0.9652,200.3836,0,10.1586,416.7089,10.4951,0.9729,189.8885,12.4706,1.4122,-5766.75,2633,-1583.75,6471,1.2803,2.0125,7.331,66.9444,2.0111,0.1814,3.4774,84.2049,8.7662,50.2158,64.006,49.7842,66.4953,86.5018,118.878,75.71,3.408,70,360.5818,9.5575,139.7309,737.1974,0.8467,132.4664,1,632.7791,127.9121,0,4.63,4.912,2840,0.9265,0.9426,4.5682,-0.1973,363.9773,9.8152,119.5336,12.818,20.1973,25.7623,711.4351,1.785,139.6136,1,623.1245,21.5252,161.9273,461.1973,0,0.0153,0.0237,-0.0048,-0.027,-0.0126,0.0033,-0.0262,0.0678,7.3236,0.1368,,2.3762,0.9645,1681.6427,0.1577,9353.74,-0.0208,0.0207,-0.0013,-0.0001,0.0001,0.1143,0,-0.4721,-0.0344,0.0004,-0.0002,-0.0461,-0.0063,0.0005,-0.0206,0.0013,-0.0887,-0.0744,,,,0.4705,0.9491,0,800.4397,0.9911,58.2355,0.6053,0.9628,6.3466,15.79,4.254,15.81,15.77,0.9649,2.888,0.9233,3.878,0.7569,0.6627,0.9989,2.3495,1000.8402,45.4033,98,86.4,62.3,71.0999,205.2839,0.3197,0,5.17,0.0033,0.2832,0.0429,0.0416,0.0179,6.0517,0,8.55,5.151,0.3484,0.011,5.785,0.21,0.049,,,1522,577,4649,3743,0.103,0.112,0.122,2.1,1.3,0.097,0.349,0.48,0.0611,0.3386,0.7437,0.3386,0.7309,0.1876,0.918,0,0,17.71,0.195,9.13,30.779,0.0483,3.44,0,18.91,23.4,0,0,0,0,0,0,0.337,11.01,15.43,0.944,10.64,16.93,11.01,8.672,36.903,0.4675,12.96,0,25.59,7.773,0,0.0482,0.054,0.0607,0.1029,0.0679,0.0745,0.0766,0.1128,4.3946,0.0036,,0.0793,0.0068,164.9443,0.0424,586.7002,0,0.0182,0.0134,0,0,0,0,0,0,0,0,0,0.0031,0.0047,0,0,0,0,,,,0.0413,0.0228,0,76.7468,0.0006,2.6222,0.0367,0.0285,0.4241,0,0,0,0,0,0,0,0,0,0,0,0.0446,37.129,4.079,28.4939,28.2272,20.0531,22.3395,76.9801,0.0965,0,1.9144,0.0009,0.0898,0.0122,0.0118,0.0062,2.0618,0,2.532,1.9292,0.1002,0.0036,2.0017,0.0585,0.0168,,,707.3973,237.766,2208.8695,1720.3905,0.0422,0.051,0.0589,0.6616,0.3516,0.0362,0.1286,0.1932,0.0286,0.1268,0.2696,0.1268,0.2642,0.0691,0.3634,0,0,0,5.9963,0.0598,2.4999,8.7137,0.0166,0.9938,0,5.628,6.4358,0,0,0,0,0,0,0.0871,2.8586,5.3674,0.2968,3.3694,9.4477,2.8586,2.9998,11.1486,0.1486,4.1739,0,8.588,2.91,10.4443,5.484,0,0.0145,0.0231,0.0286,0.0496,0.0243,0.041,0.0337,0.061,1.3679,0.0012,,0.0254,0.0023,50.0377,0.0127,171.8629,0,0.0045,0.0043,0.0022,0.0028,0,0,0,0,0,0,0,0.0011,0.0017,0,0,0,0,,,,0.0096,0.0065,0,20.0876,0.0002,0.6619,0.0117,0.0093,0.1421,0,0,0,0,0,0,0,0,0,0,0,0.0138,12.3207,1.2009,4.2872,2.9056,2.4597,3.1906,15.0495,36.3498,0,4.8647,2.7145,18.0031,561.2428,0,1.8565,3.0201,0,84.1648,1.2361,3.3194,1.1347,3.0465,1.684,3.4669,26.3927,21.9142,293.5438,57.8427,8.0453,5.5652,1.6642,3.1369,64.6409,53.4599,10.0361,0.57,0.6965,0.6743,1.1619,0.6801,1.0992,0.2169,0.7722,0,0,0,4.9115,2.0403,6.534,4.1751,5.6992,2.5969,0,2.9884,18.2938,0,0,0,0,0,0,7.3771,0,4.2393,9.6178,8.9013,132.0802,54.5123,33.6616,5.1871,26.1884,9.2828,0,4.1067,36.1112,0,315.5483,227.8481,0,381.4643,537.5557,0,292.3664,166.4945,60.0055,2.6314,,3.3368,0.7069,9.8085,26.9156,6.2724,0,88.1089,0,0,0,0,0,0,0,0,0,0,48.9152,0,0,0,0,0,,,,8.7875,2.4073,0,9.5881,0.0613,4.5028,6.0699,2.9603,6.6827,0,0,0,0,0,0,0,0,0,0,0,1.8976,3.7098,8.9839,0.1096,0.0078,0.0026,7.116,1.7579,410.912,78.838,0.3814,18.26,1.28,0.1597,8.5902,0.4547,21.6942,4.4438,1.6236,0.9307,0.3275,0.061,35.1945,264.272,0.5671,4.98,0.0877,2.0902,0.0382,1.8844,15.4662,531.2927,1.9943,11.33,0.1347,4.0086,0.0415,2.1325,6.7561,,,,,0.5023,0.0156,0.003,3.0967,0.0182,0.0139,0.0039,76.6094,-1
Wafer-549,2898.08,2573.36,2159.0556,1084.3779,0.8184,100,100.7056,0.1249,1.4981,0.0022,-0.002,0.9766,198.6898,0,7.1735,404.3186,9.3949,0.9722,189.2949,12.5094,1.4082,-5329,2535.5,-3799,-131,1.2878,2.007,7.2605,68.1889,2.5222,0.1838,3.4527,85.513,8.7932,50.3159,64.0127,49.6841,66.1703,86.8489,118.9228,2.126,0.5441,70,366.7327,9.5665,145.2318,754.466,1.2269,134.8382,1,646.8027,184.0125,0,4.67,4.931,2836,0.9217,0.9471,4.4937,-1.9855,366.5318,9.9894,123.2464,15.2572,21.9855,30.1818,724.2842,0.8628,141.7673,1,631.5455,89.7235,,,0,0.0033,-0.0471,0.0231,-0.0297,-0.0023,-0.1085,-0.0297,0.0089,7.8619,0.1386,,2.3905,0.9812,1745.0393,0.1899,9002.0502,-0.12,-0.0002,-0.0025,0.0003,0,-0.4408,0,1.1577,-0.0437,-0.0004,0.0005,-0.0009,-0.015,0.0006,0.0003,0.0025,-0.1749,-0.191,,,,0.4619,0.955,0,737.2486,0.9916,59.4504,0.6052,0.9772,6.2208,15.79,4.254,15.81,15.77,0.9649,2.888,0.9233,3.878,0.7569,0.6627,0.9989,2.3495,1000.8402,45.4033,116,161.9,177.8,50.3999,331.64,0.1054,0,6.86,0.0055,0.0943,0.0492,0.0406,0.0046,6.8658,0,4.212,13.381,1.0844,0.0082,5.9389,0.24,0.0258,,,987,418,983,1986,0.114,0.111,0.215,1.9,1.6,0.182,0.509,0.6977,0.0637,0.214,0.4922,0.214,0.7596,0.2407,0.254,0,0,19.23,0.34,9.49,33.833,0.1071,5.8,0,18.74,66.129,0,0,0,0,0,0,0.25,3.89,25.62,0.797,8.63,26.5,3.89,6.872,33.812,0.2525,11.23,0,26.5,100.856,0,0.0736,0.0457,0.0721,0.0331,0.056,0.0905,0.0369,0.0767,2.6368,0.0032,,0.071,0.06,72.5696,0.0435,733.7002,0,0.0335,0.0291,0,0,0,0,0,0,0,0,0,0.0038,0.0034,0,0,0,0,,,,0.0152,0.0103,0,129.3572,0.0008,1.9507,0.0241,0.0029,0.4783,0,0,0,0,0,0,0,0,0,0,0,0.0446,37.129,4.079,29.5719,56.103,55.1966,19.9681,107.7105,0.0358,0,2.2086,0.0015,0.0319,0.0166,0.0101,0.0017,2.0724,0,1.4758,4.5818,0.2939,0.0026,1.8114,0.0782,0.0097,,,405.6328,220.3853,427.5239,829.7735,0.0559,0.0483,0.0893,0.6431,0.5286,0.0567,0.1537,0.278,0.0247,0.0908,0.1972,0.0908,0.2887,0.0995,0.104,0,0,0,6.085,0.1012,2.6265,9.6694,0.0355,1.8942,0,5.6464,22.324,0,0,0,0,0,0,0.0855,1.3667,7.6722,0.2876,2.4309,10.3473,1.3667,1.8312,10.3544,0.07,3.2271,0,7.9181,34.6454,,,0,0.0197,0.02,0.0319,0.016,0.0155,0.051,0.018,0.0379,0.8368,0.001,,0.0233,0.0186,20.705,0.0143,220.7539,0,0.0078,0.0073,0.0063,0.0021,0,0,0,0,0,0,0,0.0015,0.0013,0,0,0,0,,,,0.0054,0.0037,0,50.8531,0.0002,0.692,0.0076,0.0009,0.155,0,0,0,0,0,0,0,0,0,0,0,0.0138,12.3207,1.2009,5.3162,5.5865,6.9093,2.3343,30.5834,12.8744,0,6.8119,4.4048,6.2946,0,0,0.4724,3.4555,0,58.7157,3.3095,11.5422,0.8449,3.1374,1.9186,1.835,18.5213,16.4859,25.8752,0,8.8526,5.5306,2.9612,2.7864,63.4361,99.0326,14.7422,0.8159,0.724,0.4253,0.7689,0.4307,1.1479,0.2771,0.2136,0,0,0,5.2436,3.5541,6.5344,4.4844,8.7261,4.3015,0,2.8973,35.9372,0,0,0,0,0,0,5.5634,195.9249,6.9898,7.9785,7.0022,173.6879,17.6935,22.7687,4.6683,29.2683,7.9214,0,4.1961,112.4076,0,0,96.9761,311.7838,111.3541,0,83.4101,124.3471,859.3838,33.539,2.3084,,2.9719,6.11,4.1586,22.8859,8.1504,0,0,0,0,0,0,0,0,0,0,0,0,25.3968,578.7234,0,0,0,0,,,,3.2995,1.0737,0,17.5459,0.0759,3.2811,3.9848,0.2953,7.6887,0,0,0,0,0,0,0,0,0,0,0,1.8976,3.7098,8.9839,0.1096,0.0078,0.0026,7.116,,,,,,,,,,,,,0.9751,0.3212,0.0592,32.9353,,,,,,,,,531.1664,2.0013,11.17,0.2269,3.7252,0.0705,2.1029,11.3389,,,,,0.4963,0.015,0.0037,3.0266,0.0182,0.0139,0.0039,76.6094,-1
Wafer-550,3042.36,2493.85,2124.8444,1180.282,0.8465,100,100.7978,0.1257,1.3725,0.0335,0.0001,0.9685,200.9639,0,7.4213,421.1456,9.9453,0.981,191.0187,12.4849,1.3961,-5410,2484.25,-4510.3333,4179.5,1.3003,2.0158,7.2765,69.4222,1.5222,0.1396,3.4262,84.7007,8.7283,49.884,63.9335,50.116,66.2469,86.6108,118.793,14.88,5.52,70,355.1427,10.1001,134.8945,731.8948,1.436,145.3336,1,635.3709,200.8941,0,4.587,4.831,2856,0.927,0.9495,4.5556,2.4718,353.9673,10.4231,117.3664,16.0027,17.5282,24.4754,707.4195,0.9398,148.0345,1,619.3682,100.3722,,,0,0.0034,-0.0799,0.018,-0.065,0.0064,-0.094,-0.0276,-0.0134,7.7776,0.1351,,2.386,0.9882,1729.1412,0.185,8644.4398,0.0606,0.0008,-0.0014,0,0,0.0023,0,0.1093,0.1051,-0.0002,0.0001,-0.0754,-0.0111,-0.0014,-0.0008,0.0014,-0.0554,-0.1498,,,,0.4609,0.9535,0,738.3185,0.9907,58.244,0.5991,0.965,6.3642,15.95,4.41,16.01,15.97,1.447,2.875,0.6809,3.118,-0.5204,0.7232,0.9961,2.2771,1007.4808,38.3809,116,103.7,76.8,57.4001,533.8361,0.12,0,8.15,0.0037,0.0774,0.0618,0.0554,0.0094,6.1347,0,3.773,6.1,0.8257,0.0043,5.7405,0.3,0.1248,,,1110,307,3279,1127,0.082,0.164,0.375,3.3,1.6,0.167,0.18,0.5116,0.0342,0.4111,0.7034,0.4111,0.6583,0.2202,1.005,0,0,13.06,0.568,11.79,35.819,0.145,4.98,0,21.84,41.728,0,0,0,0,0,0,0.271,8.6,20.55,0.484,12.71,32.48,8.6,12.713,38.37,0.2467,9.84,0,32.48,92.242,0,0.0527,0.0578,0.0679,0.0174,0.0421,0.078,0.0528,0.0526,2.5622,0.0038,,0.0327,0.0026,93.6949,0.0307,1456.1992,0,0.0129,0.023,0,0,0,0,0,0,0,0,0,0.0042,0.0053,0,0,0,0,,,,0.0194,0.0218,0,125.0933,0.001,2.1632,0.0368,0.0208,0.4393,0,0,0,0,0,0,0,0,0,0,0,0.0413,31.723,2.7649,29.5719,31.6239,23.1575,22.0891,170.3666,0.0368,0,2.5067,0.0011,0.0252,0.0176,0.0177,0.0032,1.9566,0,1.0563,1.862,0.2235,0.0014,1.8091,0.0849,0.0488,,,527.1945,144.5484,1675.9959,481.1836,0.0364,0.0712,0.1568,1.1702,0.5954,0.053,0.0681,0.2085,0.0153,0.1701,0.2526,0.1701,0.2378,0.0919,0.4175,0,0,0,4.6869,0.1582,3.3075,10.697,0.0444,1.533,0,6.6644,13.642,0,0,0,0,0,0,0.0848,2.3484,5.9995,0.1372,3.9977,10.206,2.3484,3.2196,11.5439,0.0792,2.7878,0,9.5902,33.7963,,,0,0.0155,0.0261,0.0307,0.0076,0.0128,0.0393,0.0242,0.0235,0.8003,0.0011,,0.012,0.0008,30.2974,0.008,509.9826,0,0.0036,0.0062,0.0026,0.002,0,0,0,0,0,0,0,0.0015,0.0017,0,0,0,0,,,,0.0048,0.0061,0,44.5966,0.0003,0.7153,0.011,0.008,0.1554,0,0,0,0,0,0,0,0,0,0,0,0.0135,11.4372,0.8707,5.3162,3.4085,3.0796,2.7014,45.2295,14.1805,0,8.0855,2.9429,5.6394,184.6843,0,0.9692,3.0526,0,50.8403,1.4484,8.3025,0.4344,3.0052,2.4029,8.9383,20.5176,12.3579,72.6997,26.9649,6.3065,8.1359,5.1536,4.7535,105.1095,119.6656,5.2536,0.604,0.3919,0.8241,1.1002,0.8203,0.9937,0.2542,0.846,0,0,0,3.6774,5.6237,8.7402,4.894,10.0943,3.4266,0,3.4374,20.7711,0,0,0,0,0,0,5.9487,347.922,5.8056,4.6435,10.8293,202.9655,49.0638,51.942,5.4239,26.2512,6.6471,0,5.2441,91.9,0,0,72.3631,376.699,26.7487,662.9921,83.0008,191.3043,392.5373,32.944,2.812,,1.3692,0.2581,5.4186,16.6098,16.8455,0,0,0,0,0,0,0,0,0,0,0,0,37.7104,375.2212,0,0,0,0,,,,4.1992,2.289,0,16.943,0.1007,3.714,6.1368,2.156,6.902,0,0,0,0,0,0,0,0,0,0,0,1.8115,3.1487,7.2038,0.1096,0.0078,0.0026,7.116,1.6013,399.514,74.43,2.136,18.03,1.11,0.9172,7.6413,0.4238,133.392,4.513,1.4913,0.9747,0.1661,0.0403,17.045,250.886,0.8398,2.92,0.1367,1.2151,0.057,1.1639,16.2776,531.5855,2.346,9.01,0.233,3.1072,0.0758,1.6949,9.932,,,,,0.497,0.0143,0.0031,2.8703,0.0182,0.0139,0.0039,76.6094,-1
Wafer-551,2977.46,2497.09,2183.3444,1111.4499,1.5548,100,97.5311,0.1236,1.3976,-0.0022,-0.0064,0.9676,193.7936,0,5.799,405.4969,9.4392,0.9723,184.3543,12.4998,1.4047,-6180.75,3038.75,-2423.25,1515.5,0.9717,1.8908,5.0518,69.9111,2.3,0.1873,4.6252,85.2626,8.4092,50.4562,64.2111,49.5438,66.2249,86.7481,118.4666,77.83,3.434,70,351.37,10.0652,139.2373,734.5942,1.3667,143.3655,1,633.9727,201.5658,0,4.619,4.9,2858,0.9243,0.9426,4.5027,3.7127,352.44,10.1885,122.95,9.5027,16.2873,22.2294,712.3648,1.3572,150.48,1,625.87,68.4208,157.5427,468.3273,0,-0.0114,0.0046,0.0198,-0.0424,0.0047,-0.0268,-0.018,-0.0215,7.1311,0.1357,,2.4635,0.9889,1827.6397,0.1914,8941.72,-0.0405,-0.0005,0.0006,0.0002,0.0002,-0.3171,0,-0.0319,-0.0112,0.001,0,0.0368,0.0013,0.0002,0.0005,-0.0006,0.1057,0.0476,,,,,0.9464,0,674.5678,0.9905,58.5121,0.6104,0.9759,6.1742,15.93,4.585,15.98,15.95,1.376,2.461,0.6903,2.92,-1.655,0.7591,0.9967,2.2937,1005.3318,42.9293,63,187.8,128.2,60.8999,261.921,0.1386,0,4.76,0.0042,0.0613,0.0473,0.0412,0.0159,7.1876,0,4.484,11.929,0.4764,0.0093,6.7112,0.17,0.0443,0.0231,1091.5005,647,523,4480,71,0.116,0.075,0.159,3,1,0.06,0.229,0.7888,0.1535,0.2973,0.5833,0.2973,0.828,0.4411,0.264,0,0,16.26,0.391,12.33,35.05,0.1985,6.61,0,24.16,32.887,0,0,0,0,0,0,0.248,5.01,15.61,0.407,10.48,17.53,5.01,4.562,33.132,0.7552,7.78,0,24.2,97.267,0,0.0919,0.0604,0.0347,0.0535,0.0785,0.0773,0.0764,0.0421,4.0938,0.0031,,0.0529,0.0006,112.5768,0.0309,1034.6992,0,0.022,0.0097,0,0,0,0,0,0,0,0,0,0.0057,0.0052,0,0,0,0,,,,,0.0178,0,89.72,0.0008,1.9272,0.0266,0.0054,0.4151,0,0,0,0,0,0,0,0,0,0,0,0.0215,25.494,4.0608,17.3769,63.0738,41.0882,22.5256,74.2734,0.0461,0,1.4279,0.0012,0.0258,0.0132,0.0112,0.0052,2.3064,0,1.3199,3.6138,0.1649,0.0031,2.172,0.0473,0.0187,0.0077,404.0905,313.7211,241.3909,2129.8185,31.6491,0.0543,0.0351,0.0654,0.8594,0.2958,0.0212,0.0712,0.2947,0.0543,0.1213,0.2147,0.1213,0.3192,0.1611,0.1072,0,0,0,4.4837,0.1125,3.4231,10.7018,0.0594,2.0684,0,6.8008,12.2472,0,0,0,0,0,0,0.0796,1.5318,4.5788,0.1241,3.0537,9.0755,1.5318,1.5242,10.4836,0.2061,2.4131,0,7.1369,27.8226,6.8299,4.7476,0,0.0204,0.0272,0.0173,0.0221,0.0242,0.0423,0.041,0.0224,1.2562,0.0009,,0.0169,0.0002,40.7715,0.0097,377.9438,0,0.0067,0.0029,0.0046,0.0031,0,0,0,0,0,0,0,0.0021,0.0021,0,0,0,0,,,,,0.0065,0,33.4018,0.0003,0.5668,0.0108,0.002,0.1368,0,0,0,0,0,0,0,0,0,0,0,0.0066,9.1571,1.2545,2.8904,6.3074,5.134,2.7893,23.5657,8.9121,0,4.8805,3.3968,4.386,0,642.4951,1.6451,3.7089,0,77.3237,2.9418,5.0474,0.9612,3.6404,1.36,3.1523,10.468,17.211,184.8757,4.6849,11.9372,3.9667,3.1474,4.2912,43.4783,32.0285,4.9511,0.9251,1.8257,0.5892,0.9084,0.6001,1.2503,0.5085,0.2228,0,0,0,4.6276,3.8847,8.8554,4.7713,14.5209,4.6106,0,3.8109,16.3158,0,0,0,0,0,0,5.5078,134.9412,4.4291,3.9947,8.5238,184.4739,30.7602,20.5225,4.651,55.6453,5.1701,0,3.8666,142.1599,0,803.0584,0,175.0315,126.1049,0,288.972,423.8558,196.2704,57.4072,2.285,,2.1455,0.0605,6.1597,16.1643,11.5716,0,0,0,0,0,0,0,0,0,0,0,0,451.4851,0,0,0,0,0,,,,,1.8841,0,13.3004,0.0811,3.2937,4.3657,0.5557,6.7224,0,0,0,0,0,0,0,0,0,0,0,0.9382,2.5359,9.4593,0.1096,0.0078,0.0026,7.116,,,,,,,,,,,,,1.009,0.3417,0.0716,33.8642,265.646,0.7872,7.17,0.0762,2.8696,0.0326,2.6991,9.6733,533.3591,2.3759,9.75,0.4187,3.3423,0.1197,1.828,17.6233,0.0332,0.0216,0.0083,65.1043,0.4999,0.01,0.003,2.0027,0.0332,0.0216,0.0083,65.1043,-1
Wafer-552,2994.64,2666.04,2159.0556,1084.3779,0.8184,100,100.7056,0.1249,1.4268,0.0127,-0.0005,0.9778,198.5237,0,6.0522,407.8684,9.4095,0.9727,189.1142,12.5065,1.4044,-5461.75,2631.5,-3920.5,-1772.5,1.2848,1.995,7.3053,66.5,2.5778,0.1853,3.4268,84.7226,8.9635,50.5609,64.2798,49.4391,66.2774,86.9622,118.5886,77.84,3.243,70,360.49,9.9485,140.8218,744.3585,0.9261,137.3682,1,638.68,120.3278,0,4.643,4.857,2852,0.9236,0.9558,4.4987,-0.66,360.4664,10.4567,120.1618,13.8445,20.66,26.0425,718.316,1.0678,144.2073,1,624.8355,123.7945,,,0,0.0065,-0.0409,0.0348,-0.078,-0.0009,-0.1113,-0.0254,-0.0116,7.8816,0.1275,,2.4128,0.9898,1762.0097,0.2023,8822.4301,0.02,0.0034,-0.0011,0.0001,0.0001,-0.1462,0,0.2357,0.0335,0.0001,0.0001,-0.0191,-0.008,-0.0005,-0.0034,0.0012,-0.0416,-0.0774,,,,0.4639,0.9625,0,734.2345,0.9909,57.8715,0.6041,0.9695,6.3335,15.79,4.254,15.81,15.77,0.9649,2.888,0.9233,3.878,0.7569,0.6627,0.9989,2.3495,1000.8402,45.4033,94,128.7,66.2,50.3999,331.64,0.1054,0,6.86,0.0055,0.1302,0.0552,0.0392,0.0053,7.272,0,2.298,19.69,0.9932,0.0061,6.4306,0.34,0.0167,,,752,395,1187,4809,0.153,0.089,0.246,1.8,1,0.113,0.613,0.6475,0.072,0.2169,0.5249,0.2169,0.7847,0.2436,0.184,0,0,24.41,0.74,11.71,36.704,0.1075,10.08,0,24.45,22.065,0,0,0,0,0,0,0.252,5.01,19.24,0.458,10.63,23.55,5.01,6.112,35.978,0.1716,9.58,0,23.55,79.623,0,0.0673,0.0611,0.075,0.0631,0.0193,0.0794,0.0415,0.0701,3.7846,0.0025,,0.0392,0.0038,107.1808,0.0485,860.2002,0,0.0135,0.0225,0,0,0,0,0,0,0,0,0,0.0051,0.0049,0,0,0,0,,,,0.0126,0.0062,0,86.666,0.0007,2.3345,0.0159,0.0209,0.603,0,0,0,0,0,0,0,0,0,0,0,0.0446,37.129,4.079,25.7894,39.6917,22.5251,19.9681,107.7105,0.0358,0,2.2086,0.0015,0.0424,0.017,0.0111,0.0016,2.16,0,0.8715,6.4335,0.2702,0.0021,1.9169,0.0951,0.007,,,316.6411,161.6962,542.2303,2030.5954,0.0794,0.0383,0.1077,0.6164,0.3528,0.0419,0.1685,0.261,0.0274,0.0901,0.2068,0.0901,0.3216,0.1076,0.0825,0,0,0,7.2623,0.2561,3.3138,11.2826,0.0327,3.7269,0,7.1812,7.1361,0,0,0,0,0,0,0.0806,1.3733,6.4813,0.1679,3.3665,10.5534,1.3733,1.7426,10.6346,0.0518,2.5426,0,6.8395,25.9834,,,0,0.019,0.0282,0.0331,0.0266,0.0057,0.0424,0.0199,0.0329,1.1791,0.0007,,0.0133,0.0011,33.4377,0.0168,286.1918,0,0.0043,0.0054,0.0043,0.0047,0,0,0,0,0,0,0,0.002,0.0016,0,0,0,0,,,,0.0036,0.0022,0,27.0389,0.0003,0.6811,0.0055,0.0071,0.1941,0,0,0,0,0,0,0,0,0,0,0,0.0138,12.3207,1.2009,4.2656,4.2977,2.4831,2.3343,30.5834,12.8744,0,6.8119,4.4048,9.1252,435.2883,0,0.538,3.6631,0,37.9698,4.8275,10.5554,0.6287,3.4004,2.7186,1.1919,13.7685,15.0105,30.2768,271.3117,11.9089,4.4612,3.3674,2.7068,38.7931,60.9712,17.8885,0.7643,0.8028,0.429,0.8166,0.4387,1.184,0.2801,0.1552,0,0,0,6.7713,7.4383,8.3155,4.931,11.6089,7.3379,0,3.8282,18.3374,0,0,0,0,0,0,5.6016,759.0909,5.3375,4.38,8.8464,170.1032,24.2498,23.4695,5.0087,16.0743,6.6432,0,3.769,64.3187,0,0,149.3888,215.3625,80.8715,0,71.3548,163.3858,605.6156,48.0182,1.9604,,1.6238,0.3793,6.0829,23.9511,9.7502,0,394.8812,0,0,0,0,0,0,0,0,0,0,63.8498,0,0,0,0,0,,,,2.713,0.6424,0,11.8036,0.0668,4.0339,2.6313,2.1552,9.5213,0,0,0,0,0,0,0,0,0,0,0,1.8976,3.7098,8.9839,0.1096,0.0078,0.0026,7.116,,,,,,,,,,,,,1.2923,0.7051,0.2547,54.5601,247.6,0.9932,4.53,0.2048,1.8611,0.0851,1.8296,20.6195,532.4464,2.3405,9.27,0.2345,3.4091,0.0663,1.741,10.0209,,,,,0.506,0.0195,0.0054,3.8456,0.0332,0.0216,0.0083,65.1043,-1
Wafer-553,2984.68,2497.49,2179.0778,1820.0613,1.6746,100,99.33,0.1261,1.4794,0.0042,0.0089,0.932,200.2243,0,12.2192,410.2924,10.0009,0.9502,190.2234,12.1227,1.4036,-5055.5,2682.5,-2112.75,-2815.25,1.2905,1.9648,7.0797,68.9,2.2778,0.1906,3.3962,84.7226,8.9635,50.5609,64.2798,49.4391,66.2774,86.9622,118.5886,77.84,3.243,70,360.3482,10.0695,136.8,741.4595,1.3514,142.4573,1,639.6055,203.7335,0,4.659,4.911,2848,0.928,0.9487,4.5337,-1.0573,361.4555,10.4913,115.7427,18.1719,21.0573,29.012,712.4475,1.1229,144.2355,1,621.4336,111.1234,,,0,-0.0099,-0.0776,0.0185,-0.1009,0.0537,-0.071,-0.0172,-0.023,7.4139,0.1241,,2.4092,0.9884,1753.8124,0.1987,8889.2499,-0.0367,0.0124,0.0048,0,0,0.0652,0,0.0268,-0.04,-0.0002,0,-0.0952,-0.012,0.0005,-0.0125,-0.0048,0.2694,0.177,,,,0.4613,0.9682,0,659.4543,0.9914,58.6458,0.6108,0.9673,6.3054,15.95,4.41,16.01,15.97,1.447,2.875,0.6809,3.118,-0.5204,0.7232,0.9961,2.2771,1007.4808,38.3809,129,121.5,90.8,40.4001,413.78,0.5671,0,7.66,0.0037,0.0729,0.0698,0.0477,0.0504,8.4482,0,9.803,7.606,0.4734,0.0336,7.9848,0.35,0.0354,0.0579,1049.3994,928,602,9130,8889,0.155,0.128,0.2,2.3,1.4,0.142,0.355,0.6475,0.072,0.2169,0.5249,0.2169,0.7847,0.2436,0.184,0,0,18.48,0.315,11.35,35.7729,0.146,6.28,0,23.9,48.114,0,0,0,0,0,0,0.224,4.04,18.38,0.436,10.41,23.61,4.04,3.179,34.339,0.101,4.89,0,23.61,47.501,0,0.0678,0.0488,0.0498,0.1099,0.0727,0.057,0.0962,0.0509,2.8347,0.0033,,0.0689,0.0019,88.4565,0.0353,1067.8994,0,0.0363,0.0243,0,0,0,0,0,0,0,0,0,0.0075,0.0063,0,0,0,0,,,,0.0121,0.0117,0,102.2893,0.0005,2.1024,0.0392,0.0233,0.5788,0,0,0,0,0,0,0,0,0,0,0,0.0413,31.723,2.7649,31.8096,40.8691,29.7258,14.9241,126.3265,0.1832,0,2.3371,0.0012,0.0224,0.0182,0.0165,0.0167,2.8699,0,3.5757,2.2497,0.1445,0.0111,2.7489,0.095,0.0117,0.0176,308.3322,402.0485,249.7432,3966.5529,4143.5087,0.0653,0.0548,0.0898,0.7,0.3801,0.044,0.1175,0.261,0.0274,0.0901,0.2068,0.0901,0.3216,0.1076,0.0825,0,0,0,5.9499,0.0873,3.3224,10.9835,0.0409,2.1303,0,7.0799,16.7815,0,0,0,0,0,0,0.0775,1.1269,6.0415,0.1508,2.9553,9.8604,1.1269,1.017,10.8227,0.0329,1.3666,0,7.7801,14.1955,,,0,0.024,0.0243,0.0254,0.055,0.0247,0.0312,0.0509,0.024,0.8513,0.001,,0.024,0.0005,26.8285,0.0094,312.9093,0,0.0097,0.0065,0.0023,0.0016,0,0,0,0,0,0,0,0.0021,0.0022,0,0,0,0,,,,0.0039,0.0035,0,30.1341,0.0002,0.6209,0.013,0.0075,0.1903,0,0,0,0,0,0,0,0,0,0,0,0.0135,11.4372,0.8707,5.7804,4.0708,3.6357,1.854,22.7344,33.8649,0,7.7117,2.9352,4.9278,0,535.9551,5.4059,4.2194,0,80.2263,1.8538,4.734,3.5347,4.1976,2.8872,2.5207,18.3562,22.4418,432.1382,315.7446,12.0108,6.5148,2.825,3.3382,61.4634,74.519,10.4528,0.7643,0.8028,0.429,0.8166,0.4387,1.184,0.2801,0.1552,0,0,0,5.1284,3.1283,8.2968,4.8247,10.8064,4.4083,0,3.7367,23.6161,0,0,0,0,0,0,4.9408,382.1152,5.085,4.1558,8.9941,129.9263,19.1858,10.9575,4.8199,8.9986,3.3903,0,3.7993,42.7462,0,686.5823,62.8866,269.1892,108.9467,135.303,80.2534,560.1164,221.5452,38.2347,2.6587,,2.8605,0.1927,5.0437,17.7762,12.0134,0,293.0373,506.25,0,0,0,0,0,0,0,0,0,62.7615,0,0,0,0,0,,,,2.6261,1.2086,0,15.5112,0.0537,3.585,6.4212,2.409,9.1788,0,0,0,0,0,0,0,0,0,0,0,1.8115,3.1487,7.2038,0.1096,0.0078,0.0026,7.116,,,,,,,,,,,,,0.9523,0.1245,0.0277,13.0712,311.404,0.5401,5.1,0.1598,2.0652,0.0637,1.6377,29.5911,533.3945,2.3192,8.19,0.342,3.0021,0.1065,1.5354,14.7455,,,,,0.5006,0.0152,0.0036,3.0271,0.0332,0.0216,0.0083,65.1043,-1
Wafer-554,2949.82,2497.56,2173.4556,1433.6732,1.0304,100,110.5422,0.1245,1.4031,0.0027,0.0017,0.9544,204.03,0,7.3062,402.2922,10.6914,0.9632,193.3385,12.5553,1.4065,-5343,2678.75,-4364,-5136.3333,1.3048,2.0192,7.278,67.4222,2.3,0.1983,3.3652,84.6614,8.7994,50.3964,64.1107,49.6036,66.1349,86.7297,118.921,2.332,0.9273,70,350.6364,9.9477,143.8973,737.9779,1.3452,139.3945,1,633.9282,202.0043,0,4.605,4.869,2828,0.9332,0.9457,4.5483,11.2909,351.1773,9.8475,135.1882,5.6007,8.7091,13.8957,724.0822,0.9051,145.0527,1,631.4182,83.8469,161.3248,470.0934,0,0.0001,-0.0163,-0.0347,-0.0617,-0.0233,-0.0025,-0.0203,0.0401,8.0603,0.134,,2.3745,0.9904,1768.4421,0.1718,8617.3398,-0.0156,-0.0006,0.001,-0.0001,0,0.0849,0,-0.024,-0.0177,-0.0002,0,-0.0606,-0.0111,0.0002,0.0006,-0.001,0.1103,0.0998,,,,0.4591,0.9335,0,748.9609,0.9646,55.7648,0.6129,0.9759,6.4871,15.9,4.062,15.94,15.91,1.135,2.467,0.6128,2.824,-0.7096,0.6802,0.9971,2.2697,1002.4074,42.266,116,73.7,77.8,52.5,143.6,0.1972,0,4.15,0.0029,0.1221,0.0454,0.0381,0.0222,8.7553,0,4.213,10.892,0.4713,0.0161,8.2841,0.2,0.0836,,,460,517,2433,10428,0.092,0.072,0.095,1.8,1.4,0.143,0.485,0.7141,0.0833,0.3421,0.4138,0.3421,0.7448,0.2588,0.354,0,0,16.86,0.483,9.97,31.759,0.0763,6.93,0,17.63,28.76,0,0,0,0,0,0,0.27,5.66,18.7,0.599,8.54,13.9,5.66,9.942,35.294,0.2078,15.56,0,22.36,93.549,0,0.0908,0.0402,0.0592,0.0534,0.0516,0.0792,0.1068,0.0927,2.7412,0.0037,,0.0697,0.0011,126.1924,0.0369,698.3994,0,0.02,0.0159,0,0,0,0,0,0,0,0,0,0.0044,0.0038,0,0,0,0,,,,0.0312,0.006,0,62.3042,0.0034,3.0534,0.0365,0.0056,0.4901,0,0,0,0,0,0,0,0,0,0,0,0.0342,37.635,3.2172,31.1763,26.2699,22.2754,18.7418,50.6681,0.0784,0,1.6246,0.0007,0.0418,0.0113,0.0101,0.0076,3.111,0,1.2684,3.8395,0.1371,0.0054,2.9868,0.0511,0.0296,,,230.3143,232.944,1009.0289,5958.954,0.038,0.0308,0.0397,0.636,0.461,0.0468,0.1516,0.2553,0.0341,0.1415,0.1585,0.1415,0.2867,0.108,0.1505,0,0,0,5.594,0.1641,2.5448,9.1337,0.0261,2.3438,0,5.704,9.6287,0,0,0,0,0,0,0.0925,1.7594,4.8826,0.2075,2.2563,9.0149,1.7594,2.6231,10.1699,0.0656,4.45,0,7.2876,26.8117,7.1981,3.0443,0,0.021,0.0191,0.0253,0.0267,0.016,0.0389,0.0527,0.0483,1.0294,0.001,,0.0222,0.0004,42.031,0.0108,211.8707,0,0.0049,0.0044,0.0027,0.002,0,0,0,0,0,0,0,0.0015,0.0015,0,0,0,0,,,,0.0084,0.0021,0,20.5154,0.0012,0.7881,0.0118,0.0019,0.159,0,0,0,0,0,0,0,0,0,0,0,0.0114,12.8334,0.9343,5.1982,2.4985,3.115,2.4155,10.0162,19.1426,0,3.7542,2.3289,8.7022,0,0,2.3213,4.2912,0,57.6635,2.7075,4.4083,1.6695,4.2848,1.593,5.9423,8.6094,19.3,55.7516,203.0242,7.0512,3.5657,1.3053,2.6697,60.8696,72.1008,14.4121,0.8435,0.9462,0.6788,0.6454,0.6897,1.1262,0.2984,0.2977,0,0,0,4.8084,4.8554,6.9286,4.3035,5.6741,4.9715,0,2.7811,14.2373,0,0,0,0,0,0,5.9363,50.1289,5.3249,6.0828,6.3171,248.1834,64.9897,71.5472,4.8743,22.9634,10.7271,0,3.5412,111.5712,0,0,246.6258,170.4824,86.5829,221.8758,0,526.7571,231.1721,34.0088,2.7617,,2.9368,0.1137,7.1358,21.5027,8.1046,0,0,0,0,0,0,0,0,0,0,0,0,39.5062,0,0,0,0,0,,,,6.7939,0.6406,0,8.3188,0.3542,5.4754,5.9523,0.5761,7.5543,0,0,0,0,0,0,0,0,0,0,0,1.5088,3.7545,7.6118,0.1096,0.0078,0.0026,7.116,1.5429,409.45,72.944,1.4974,10.83,0.61,0.6073,5.1542,0.2399,97.0499,2.645,0.8363,0.9859,0.1732,0.0405,17.5662,265.432,0.8062,7.5,0.0826,2.7045,0.0354,2.8256,10.2468,535.8155,2.3326,7.58,0.247,2.5583,0.0854,1.4147,10.5902,,,,,0.4961,0.0185,0.0044,3.7335,0.0332,0.0216,0.0083,65.1043,1
Wafer-555,2968.78,2501.48,2171.8222,1010.0662,0.8599,100,103.6356,0.1237,1.5415,0.0055,-0.0208,0.966,200.7314,0,10.4629,416.0259,9.0416,0.9608,191.6899,12.5592,1.4238,-5541.75,2496,-416.25,3329.5,1.3235,2.0062,7.2975,70.8111,2.3889,0.1974,3.4074,84.7348,8.6706,49.9566,64.5635,50.0434,65.8977,86.8967,118.1992,77.84,3.515,70,351.2436,10.2619,135.11,732.5931,0.887,144.7882,1,631.1418,112.9615,0,4.625,4.848,2875,0.9346,0.9541,4.6195,-1.9573,353.0064,10.524,113.1527,12.8818,21.9573,27.0214,705.5717,1.0361,152.1009,1,618.26,63.8022,,,0,-0.0218,-0.0567,0.0561,-0.0619,-0.0106,-0.1014,-0.0013,-0.0043,6.3766,0.1273,,2.4247,0.9874,1751.8155,0.1558,9206.9899,-0.0049,0.0003,-0.0024,0.0001,0,-0.1734,0,0.4303,0.0716,-0.0001,0.0002,-0.0173,-0.0111,-0.001,-0.0002,0.0025,-0.119,-0.1053,,,,0.4594,0.9417,0,781.3525,0.9908,59.0052,0.6015,0.9723,6.2562,15.89,3.879,15.9,15.98,0.9649,3.463,0.6295,3.199,-0.1419,0.827,0.9997,2.3406,1004.4267,37.3689,152,165.6,124.5,54.3,353.751,0.0574,0,9.9,0.0035,0.0843,0.1592,0.1106,0.0167,4.9517,0,6.465,5.756,0.9549,0.0159,4.4036,0.55,0.0446,,,737,507,14092,15189,0.123,0.04,0.14,2.7,0.7,0.156,0.461,0.4945,0.0975,0.4189,0.5131,0.4189,0.7879,0.0735,1.123,0,0,19.01,0.217,7.94,22.637,0.0412,5.78,0,15.29,11.161,0,0,0,0,0,0,0.217,4.09,18.13,0.172,3.85,15.45,4.09,4.009,23.265,0.3926,13.89,0,15.45,102.953,0,0.0688,0.037,0.05,0.014,0.0618,0.088,0.0554,0.0279,6.7061,0.0021,,0.036,0.002,108.0521,0.0232,858.1992,0,0.0189,0.0192,0,0,0,0,0,0,0,0,0,0.0061,0.004,0,0,0,0,,,,0.0145,0.024,0,76.7083,0.0012,2.6299,0.0379,0.0159,0.515,0,0,0,0,0,0,0,0,0,0,0,0.0291,24.653,3.634,39.0579,51.422,43.4929,20.2876,114.7489,0.0185,0,3.3316,0.0011,0.0262,0.0375,0.028,0.0059,1.8032,0,1.7819,1.6489,0.2579,0.0052,1.5935,0.0794,0.0157,,,302.478,213.6118,6754.1653,10740.2449,0.0567,0.0182,0.0632,0.8753,0.2088,0.0506,0.1368,0.2281,0.0386,0.1608,0.1863,0.1608,0.2996,0.034,0.457,0,0,0,6.2807,0.0587,2.432,6.6606,0.0148,1.9632,0,4.5757,3.4672,0,0,0,0,0,0,0.0639,1.282,6.3184,0.061,1.2015,8.9083,1.282,1.2147,7.0856,0.111,4.1297,0,4.4681,30.2224,,,0,0.0238,0.018,0.0247,0.0066,0.0169,0.0491,0.029,0.0127,2.1789,0.0007,,0.0129,0.0009,34.2345,0.0083,266.5158,0,0.0051,0.0051,0.0032,0.0023,0,0,0,0,0,0,0,0.002,0.0014,0,0,0,0,,,,0.0043,0.0078,0,24.2155,0.0004,0.7609,0.0127,0.0056,0.1728,0,0,0,0,0,0,0,0,0,0,0,0.009,9.1065,1.2164,7.0996,5.578,4.9771,2.5002,35.0226,6.6752,0,9.5527,2.8293,5.4685,0,531.4114,1.7245,2.4668,0,61.7897,1.3836,10.5618,1.6538,2.2973,4.3793,3.1317,13.299,20.3125,0,456.1946,9.2935,1.9938,1.9185,3.813,29.3023,79.0096,13.5292,0.5836,1.1239,0.8385,0.7947,0.8371,1.1956,0.0846,0.9501,0,0,0,5.4122,2.1146,5.8767,3.09,4.6449,3.992,0,2.4226,9.8804,0,0,0,0,0,0,4.6975,208.9642,5.1359,1.6344,3.4025,119.9368,18.6271,14.8364,3.2973,37.8956,9.1321,0,2.499,161.3628,0,315.2348,65.227,89.1266,22.608,580.9636,86.7422,0,656.4706,105.1663,1.6491,,1.4855,0.2055,6.168,14.8781,9.3212,0,0,789.7172,0,0,0,0,0,0,0,0,0,55.0169,415.5844,0,0,0,0,,,,3.1556,2.5433,0,9.8174,0.1173,4.4571,6.2933,1.6395,8.2317,0,0,0,0,0,0,0,0,0,0,0,1.2444,2.4544,9.7247,0.1096,0.0078,0.0026,7.116,,,,,,,,,,,,,0.9697,0.1226,0.0349,12.6436,265.082,0.7961,4.87,0.0951,2.0365,0.034,1.8372,11.9494,538.54,2.0768,5.3,0.3411,1.7213,0.0939,0.9842,16.4231,0.0353,0.0298,0.0101,84.3454,0.4968,0.0096,0.0032,1.9389,0.0353,0.0298,0.0101,84.3454,-1
Wafer-556,3093.75,2440.82,2160.6,1124.5821,1.5257,100,98.7122,0.1246,1.5859,0.0286,-0.0035,0.963,199.4305,0,10.8755,423.2763,9.163,0.9787,190.2674,12.4824,1.4338,-5782.25,2540.25,-3877.75,6434.25,1.2953,1.9682,7.3537,71.4111,2.1444,0.1694,3.4717,84.7348,8.6706,49.9566,64.5635,50.0434,65.8977,86.8967,118.1992,77.84,3.515,70,352.3791,10.3363,132.3936,732.2701,1.3586,149.0045,1,633.7773,241.3652,0,4.632,4.856,2867,0.9357,0.9537,4.5829,-0.4482,353.4782,10.6274,111.9455,15.1218,20.4482,28.0456,704.2245,0.9389,153.2318,1,618.6555,103.8968,,,0,-0.0266,-0.0544,0.0435,-0.0677,-0.0134,-0.1002,-0.0005,-0.0128,7.6523,0.1291,,2.4145,0.9896,1883.9678,0.2012,8865.2798,-0.0977,0.0034,-0.0005,-0.0003,0,0.4349,0,-1.1545,-0.3032,0.0004,-0.0005,0.1294,-0.0062,0.0041,-0.0033,0.0003,-0.2231,-0.0597,,,,,0.9442,0,751.7628,0.9917,59.0563,0.5996,0.9764,6.2575,15.89,3.879,15.9,15.98,0.9649,3.463,0.6295,3.199,-0.1419,0.827,0.9997,2.3406,1004.4267,37.3689,120,197.5,145.7,56.7002,246.6509,0.2148,0,3.91,0.0044,0.0719,0.1965,0.1147,0.0131,7.7516,0,7.827,8.355,1.1895,0.0061,6.6354,0.28,0.0333,,,764,402,1879,7188,0.053,0.075,0.215,2,1.7,0.121,0.3,0.4945,0.0975,0.4189,0.5131,0.4189,0.7879,0.0735,1.123,0,0,19.87,0.235,8.12,22.499,0.1152,5.52,0,14.3,55.336,0,0,0,0,0,0,0.412,9.75,17.72,0.157,6.12,17,9.75,15.188,31.928,0.1916,12.06,0,17,94.447,0,0.0693,0.0422,0.0661,0.0251,0.0502,0.077,0.0912,0.0285,3.9491,0.0038,,0.0309,0.0016,192.9493,0.0125,1732.8994,0,0.0239,0.0195,0,0,0,0,0,0,0,0,0,0.0066,0.0056,0,0,0,0,,,,,0.0284,0,189.0673,0.0005,2.5518,0.0369,0.0037,0.6259,0,0,0,0,0,0,0,0,0,0,0,0.0291,24.653,3.634,33.1438,64.4157,52.5638,21.0015,74.302,0.0661,0,1.1187,0.0013,0.0254,0.0439,0.0351,0.0041,2.2716,0,2.7658,2.493,0.3434,0.0019,1.9533,0.0821,0.0127,,,332.6744,187.4644,811.8585,3257.5908,0.0266,0.0315,0.0898,0.7705,0.5855,0.0457,0.0941,0.2281,0.0386,0.1608,0.1863,0.1608,0.2996,0.034,0.457,0,0,0,6.275,0.0707,2.5528,6.4035,0.0342,1.9016,0,4.0796,18.6242,0,0,0,0,0,0,0.0764,2.9169,5.87,0.0598,1.6229,8.1314,2.9169,3.9156,9.1394,0.0491,3.5193,0,4.741,31.8418,,,0,0.0191,0.0174,0.0298,0.0106,0.0159,0.0394,0.0482,0.0138,1.4032,0.0011,,0.0127,0.0006,67.03,0.0036,536.4425,0,0.0078,0.0062,0.0063,0.002,0,0,0,0,0,0,0,0.0019,0.002,0,0,0,0,,,,,0.0106,0,58.4545,0.0001,0.6503,0.0119,0.0013,0.2049,0,0,0,0,0,0,0,0,0,0,0,0.009,9.1065,1.2164,5.2593,6.3838,5.9693,2.6243,21.9327,14.0801,0,3.961,3.5303,4.5337,687.664,0,1.358,3.8868,0,71.9688,1.9739,12.9817,0.6263,3.4874,2.2431,2.3253,13.2128,15.8252,48.4559,111.7147,4.0919,3.8105,2.9237,2.8007,79.2746,71.4098,8.6414,0.5836,1.1239,0.8385,0.7947,0.8371,1.1956,0.0846,0.9501,0,0,0,5.6388,2.2735,6.1332,3.0725,8.4777,3.7046,0,2.2563,22.9263,0,0,0,0,0,0,8.9899,0,5.013,1.4773,5.467,112.4201,47.6815,54.1546,4.5338,20.4024,7.8704,0,2.7479,90.9046,0,260.2817,77.5735,151.7796,37.0616,374.9767,76.8271,0,222.2222,51.6074,2.9437,,1.2811,0.1641,10.2416,6.2257,19.547,0,708.1481,0,0,0,0,0,0,0,0,0,0,107.0994,137.4233,0,0,0,0,,,,,3.0085,0,25.1499,0.0464,4.3209,6.1473,0.375,10.0016,0,0,0,0,0,0,0,0,0,0,0,1.2444,2.4544,9.7247,0.1096,0.0078,0.0026,7.116,,,,,,,,,,,,,0.919,0.1361,0.0315,14.8109,264.272,0.5671,4.98,0.0877,2.0902,0.0382,1.8844,15.4662,532.5646,2.7395,13.35,1.138,4.0485,0.3883,2.5067,41.5401,,,,,0.4982,0.0125,0.003,2.5069,0.0353,0.0298,0.0101,84.3454,-1
Wafer-557,2973.88,2449.17,2159.0556,1084.3779,0.8184,100,100.7056,0.1249,1.5071,-0.0085,-0.0068,0.9687,197.8729,0,8.6769,404.1517,9.3353,0.9725,188.5376,12.4673,1.4109,-5254.5,2635,-3692.75,-58,1.3035,1.9937,7.2585,67.3778,2.6333,0.2283,3.34,85.3154,8.5135,50.3873,64.1605,49.6127,66.2242,86.6662,119.2382,78.79,3.194,70,359.0964,10.1135,150.2845,763.8121,0.8702,142.5527,1,651.9336,123.5081,0,4.764,4.999,2857,0.9343,0.953,4.5296,-3.9318,362.2836,10.2645,126.3527,10.2026,23.9318,29.5895,734.2226,0.9824,154.3427,1,642.9791,85.338,,,0,-0.0132,-0.0451,-0.0191,-0.0462,-0.0054,-0.1084,-0.0203,0.0204,8.0094,0.1348,,2.4326,0.9905,1824.9624,0.1913,8754.59,0.0523,-0.0014,0.0021,0,0.0001,-0.0573,0,0.0904,-0.0037,0,0,-0.0069,-0.0111,0,0.0014,-0.0021,0.0956,0.0301,,,,0.4609,0.9614,0,764.1201,0.9911,57.7753,0.6023,0.9661,6.3567,15.85,3.23,15.87,15.83,0.9271,2.703,0.511,3.118,0.7569,0.7677,0.9992,2.3503,1002.8717,35.9936,190,83.7,112,50.3999,331.64,0.1054,0,6.86,0.0055,0.1095,0.0314,0.0479,0.0128,7.7797,0,5.655,9.413,0.34,0.01,7.598,0.21,0.0183,,,448,498,675,2110,0.103,0.183,0.227,1,1.6,0.124,0.521,0.8867,0.0417,0.3555,0.4481,0.3555,0.6013,0.204,0.135,0,0,17.47,0.459,8.64,23.186,0.0676,5.74,0,20.98,24.319,0,0,0,0,0,0,0.187,10.2,17.87,0.37,6.16,22.23,10.2,12.638,31.421,0.1696,5.88,0,24.94,82.49,0,0.0595,0.0552,0.0525,0.0536,0.047,0.079,0.089,0.0769,2.8323,0.0035,,0.093,0.0006,78.7338,0.0313,566.3994,0,0.0146,0.0116,0,0,0,0,0,0,0,0,0,0.0039,0.0049,0,0,0,0,,,,0.0187,0.0079,0,61.4467,0.0008,2.6122,0.025,0.0208,0.4301,0,0,0,0,0,0,0,0,0,0,0,0.034,35.62,2.8805,38.3072,28.2552,36.7084,19.9681,107.7105,0.0358,0,2.2086,0.0015,0.0457,0.0108,0.0121,0.0041,2.3407,0,1.8173,2.5315,0.1169,0.0032,2.306,0.0498,0.0056,,,192.4309,219.3156,321.2697,934.7823,0.0498,0.0842,0.0959,0.3492,0.477,0.0372,0.1662,0.3188,0.0162,0.1379,0.1922,0.1379,0.2451,0.0781,0.0494,0,0,0,6.7701,0.1368,2.6032,6.6706,0.025,1.6417,0,6.5009,8.7903,0,0,0,0,0,0,0.0613,3.2381,5.6304,0.1042,1.7711,9.0408,3.2381,3.9489,9.7539,0.0563,2.1529,0,8.1583,29.8942,,,0,0.0134,0.026,0.0238,0.0245,0.0134,0.0429,0.045,0.0337,0.9617,0.001,,0.0281,0.0002,25.072,0.01,160.4659,0,0.0048,0.0033,0.0027,0.0025,0,0,0,0,0,0,0,0.0014,0.0016,0,0,0,0,,,,0.0053,0.0027,0,20.0874,0.0003,0.6791,0.0087,0.0073,0.1386,0,0,0,0,0,0,0,0,0,0,0,0.0117,12.1852,1.0482,8.6528,2.8145,4.573,2.3343,30.5834,12.8744,0,6.8119,4.4048,7.2655,368.0586,702.4748,1.317,3.9317,0,65.173,2.3291,3.6423,1.0292,4.03,1.6844,1.2978,8.526,18.8994,18.2791,0,7.9018,9.1787,3.1274,1.4842,60.7595,54.3066,15.5988,1.0393,0.4896,0.7055,0.6984,0.7166,0.908,0.2354,0.1132,0,0,0,4.865,4.5385,5.7491,3.0356,7.7684,4.0266,0,3.2181,19.6902,0,0,0,0,0,0,4.1284,259.422,4.9326,3.6046,4.8752,217.8859,42.6211,42.7111,4.2795,17.2635,3.8097,0,3.8788,96.6627,0,451.3988,122.5305,275.2294,115.8919,867.3587,72.8782,439.5062,377.887,35.3625,2.5973,,3.8214,0.062,4.3143,16.3508,6.4697,0,0,542.6901,0,0,0,0,0,0,0,0,0,35.0168,0,0,0,0,0,,,,4.0675,0.8223,0,8.0415,0.0767,4.5214,4.1495,2.1534,6.7667,0,0,0,0,0,0,0,0,0,0,0,1.4455,3.5518,8.0028,0.1096,0.0078,0.0026,7.116,1.6515,405.578,73.586,3.1688,15.41,0.81,1.2582,6.9009,0.3343,191.8783,3.7995,1.1007,0.9859,0.1732,0.0405,17.5662,,,,,,,,,534.2982,1.97,5.79,0.1893,2.1265,0.0617,1.0837,9.6108,,,,,0.4954,0.0096,0.0029,1.9314,0.0353,0.0298,0.0101,84.3454,-1
Wafer-558,2984.3,2481.2,2238.4556,1256.5186,1.3404,100,103.2589,0.1222,1.4773,0.0028,0.0101,0.9746,197.1441,0,8.9804,412.6388,9.3019,0.9768,187.8422,12.4618,1.4115,-6208.75,3023.75,-4972.75,1530,0.9835,1.8852,5.118,68.9556,2.2333,0.1786,4.6657,84.9334,8.5459,50.4349,64.1179,49.5651,66.2647,86.6954,118.4652,77.72,2.013,70,353.1364,10.1113,137.3209,733.7554,0.9392,140.2591,1,630.7164,118.4344,0,4.617,4.868,2843,0.929,0.9484,4.5141,-2.3355,355.2455,10.4502,114.9855,12.1404,22.3355,28.2141,705.5414,0.8862,149.6673,1,619.8982,72.6186,,,0,-0.0102,-0.0272,-0.0536,-0.0984,-0.0227,-0.0792,-0.0071,0.0047,7.8682,0.136,,2.3759,0.9799,1856.4217,0.1694,8227.7,-0.0769,0.01,-0.0066,0.0001,0.0001,-0.1697,0,0.2612,-0.0167,0.0001,0.0001,-0.0821,-0.009,0.0002,-0.01,0.0066,0.0564,-0.0809,,,,0.4587,0.9731,0,671.2238,0.9904,58.7224,0.6031,0.9665,6.2591,15.85,3.23,15.87,15.83,0.9271,2.703,0.511,3.118,0.7569,0.7677,0.9992,2.3503,1002.8717,35.9936,88,182.8,225.6,49.4001,357.5901,0.3912,0,3.84,0.0055,0.0918,0.049,0.0408,0.0077,8.4884,0,5.079,13.391,0.4259,0.0059,8.2062,0.66,0.0407,0.0461,726.4004,459,673,9240,74,0.116,0.099,0.176,2.6,0.7,0.08,0.209,0.9273,0.1506,0.396,0.5927,0.396,0.5986,0.3631,0.193,0,0,18.39,0.369,11.91,35.168,0.1583,7.35,0,20.98,35.599,0,0,0,0,0,0,0.271,7.16,17.59,0.205,11.36,14.06,7.16,7.696,31.276,0.158,6.46,0,21.13,71.614,0,0.2555,0.0783,0.0223,0.3118,0.1008,0.0713,0.0765,0.113,3.5536,0.005,,0.0454,0.0064,145.1355,0.0357,738.1997,0,0.0246,0.0174,0,0,0,0,0,0,0,0,0,0.0044,0.0048,0,0,0,0,,,,0.0282,0.0051,0,85.3426,0.0008,3.3315,0.0297,0.0243,0.4586,0,0,0,0,0,0,0,0,0,0,0,0.034,35.62,2.8805,23.8212,64.0056,77.7045,18.2913,112.4821,0.1372,0,1.3536,0.0013,0.0363,0.0135,0.011,0.0024,2.4801,0,1.9616,3.6082,0.1346,0.002,2.4099,0.106,0.0128,0.0121,277.0814,197.8322,284.0263,4074.5996,32.5986,0.0487,0.0408,0.079,0.9139,0.2449,0.0265,0.0609,0.3312,0.0536,0.1565,0.236,0.1565,0.2619,0.1319,0.0763,0,0,0,5.5167,0.123,3.2539,10.4916,0.041,2.2657,0,6.3035,10.6974,0,0,0,0,0,0,0.0817,1.9598,5.4654,0.0633,3.4296,9.1952,1.9598,2.1216,9.5189,0.0515,1.7847,0,6.1534,24.646,,,0,0.0654,0.0382,0.011,0.151,0.0269,0.0399,0.0315,0.0528,1.2636,0.0015,,0.0148,0.0023,50.7978,0.0116,253.8435,0,0.0066,0.0052,0.0041,0.0039,0,0,0,0,0,0,0,0.0013,0.0016,0,0,0,0,,,,0.0071,0.002,0,28.6627,0.0003,1.0638,0.0108,0.0077,0.1566,0,0,0,0,0,0,0,0,0,0,0,0.0117,12.1852,1.0482,3.8077,6.1254,9.0924,2.2069,28.4588,29.1868,0,3.7188,4.5015,6.2142,0,405.4658,0.7879,4.3057,0,56.5567,3.2452,4.5782,0.6087,4.3687,5.2962,2.8835,7.3928,22.2571,185.8127,4.8366,11.7946,5.2513,3.4388,3.7705,31.3433,44.804,4.4795,1.0918,1.7625,0.7852,0.9244,0.7989,0.9033,0.4188,0.1629,0,0,0,5.2076,3.6494,8.6731,4.7929,16.8506,5.2403,0,3.3264,30.058,0,0,0,0,0,0,6.0034,306.5784,4.9515,1.9617,9.8795,115.8116,32.0567,27.2771,4.4329,17.8269,4.3162,0,3.4086,98.6166,0,0,288.1325,41.6239,317.031,443.8085,89.9968,0,0,45.1645,3.6794,,1.9096,0.6554,7.818,21.0914,8.9721,0,246.926,264.1366,0,0,0,0,0,0,0,0,0,49.0934,0,0,0,0,0,,,,6.1448,0.523,0,12.7145,0.0857,5.6734,4.9261,2.5109,7.3275,0,0,0,0,0,0,0,0,0,0,0,1.4455,3.5518,8.0028,0.1096,0.0078,0.0026,7.116,0.5289,403.448,71.446,0.1781,19.7,0.76,0.0731,9.1382,0.3575,33.6771,4.8829,1.0637,0.9496,0.1609,0.0356,16.9402,251.36,0.6558,7.33,0.0917,2.7924,0.0356,2.9161,13.9857,534.0555,2.0153,8.58,0.1975,3.0459,0.071,1.6066,9.8005,0.0192,0.0167,0.0057,86.9681,0.4936,0.0223,0.0056,4.5124,0.0192,0.0167,0.0057,86.9681,-1
Wafer-559,2931.26,2527.77,2242.8555,1430.727,0.8832,100,106.21,0.1216,1.547,-0.0021,0.003,0.968,195.0624,0,5.9987,405.2985,9.4436,0.9728,185.6188,12.4673,1.4041,-5409.25,2608.25,-4040,-1088.75,1.2658,2.014,7.3565,68.7444,2.7333,0.19,3.4306,85.7881,8.77,50.0774,63.708,49.9226,66.4683,86.5202,118.8018,76.89,3.21,70,366.0282,9.5371,148.9636,758.9277,1.2165,132.9627,1,647.9545,193.5647,0,4.67,4.931,2836,0.9217,0.9471,4.4937,-0.2173,370.8382,9.5748,128.7464,11.5072,20.2173,26.9312,731.9965,0.8595,136.8627,1,636.4473,108.9158,173.99,462.4573,0,-0.0193,0.0058,-0.0134,-0.0379,0.0274,0.0008,-0.002,0.0484,7.8397,0.1298,,2.3774,0.9899,1835.0605,0.2031,9192.1001,-0.0579,0.0004,-0.0018,0.0003,0,-0.4222,0,1.1311,-0.0837,-0.0004,0.0005,0.0228,-0.0144,0.0011,-0.0004,0.0017,-0.0583,-0.0253,,,,0.446,0.9435,0,791.3698,0.9914,58.7883,0.6073,0.9668,6.3293,15.93,4.585,15.98,15.95,1.376,2.461,0.6903,2.92,-1.655,0.7591,0.9967,2.2937,1005.3318,42.9293,134,59.8,87.6,62.9001,227.0289,0.1099,0,5.67,0.0039,0.0836,0.0429,0.052,0.0167,7.0368,0,4.247,21.495,0.7242,0.0104,6.3126,0.21,0.0754,,,1043,192,7888,3615,0.118,0.102,0.332,3.2,1.1,0.134,0.387,0.6514,0.1196,0.3098,0.5767,0.3098,0.6984,0.1505,0.946,0,0,16.49,0.196,9.97,34.857,0.1373,7.6,0,18.85,66.569,0,0,0,0,0,0,0.25,4.79,16.77,0.473,12.32,18.34,4.79,6.237,35.337,0.1068,7.39,0,18.34,75.296,0,0.1007,0.042,0.0192,0.1167,0.155,0.0984,0.078,0.1048,3.6899,0.0028,,0.0696,0.0014,157.0836,0.0542,1637.5996,0,0.0133,0.0189,0,0,0,0,0,0,0,0,0,0.0042,0.0044,0,0,0,0,,,,0.1298,0.0223,0,183.1781,0.0007,3.1001,0.0435,0.0214,0.4886,0,0,0,0,0,0,0,0,0,0,0,0.0215,25.494,4.0608,32.6484,24.424,28.4491,21.1302,80.6074,0.0359,0,2.1317,0.0011,0.0265,0.0135,0.0142,0.0057,2.2983,0,1.5936,6.6975,0.2252,0.0034,2.1306,0.0498,0.0254,,,506.5086,82.6574,3352.7068,1601.2123,0.0561,0.0436,0.1587,0.9541,0.3162,0.0426,0.126,0.2342,0.0545,0.1199,0.2069,0.1199,0.2535,0.0644,0.3924,0,0,0,5.6106,0.0574,2.7291,9.946,0.0455,2.3168,0,6.1591,20.9561,0,0,0,0,0,0,0.0855,1.6315,5.3101,0.1414,3.2964,9.0202,1.6315,2.1388,10.7934,0.0315,2.0896,0,5.9803,22.0358,4.776,2.0371,0,0.0225,0.0196,0.0085,0.0527,0.0418,0.0526,0.0365,0.0524,1.2185,0.0008,,0.0226,0.0004,58.6857,0.0152,550.8077,0,0.0039,0.0045,0.0057,0.0022,0,0,0,0,0,0,0,0.0012,0.0013,0,0,0,0,,,,0.0321,0.0081,0,61.6371,0.0002,0.8787,0.0118,0.0066,0.1572,0,0,0,0,0,0,0,0,0,0,0,0.0066,9.1571,1.2545,6.038,2.0401,3.4655,2.8045,15.8681,12.4432,0,5.3385,3.2064,5.4041,0,0,1.7229,3.6074,0,70.7983,5.3035,7.6688,1.0682,3.4008,1.6844,5.373,19.2818,7.3613,195.2475,332.0321,9.3225,5.0645,4.513,4.6549,40.2439,70.5263,11.281,0.7593,1.364,0.6186,0.9052,0.6206,1.0507,0.1739,0.7963,0,0,0,4.5051,2.0551,6.6929,4.5929,11.287,5.7159,0,2.9092,34.3911,0,0,0,0,0,0,5.5634,0,4.5222,4.94,9.5692,159.3781,23.6926,23.1588,4.8275,12.4228,5.3996,0,2.8816,69.1323,0,521.2553,721.03,143.8202,308.3223,565.049,0,0,216.4171,47.0666,2.1566,,2.9272,0.1392,8.5601,26.6957,17.8153,0,0,0,0,0,0,0,0,0,0,0,0,29.0909,391.1111,0,0,0,0,,,,29.1038,2.3585,0,23.147,0.0699,5.2734,7.1642,2.2141,7.7194,0,0,0,0,0,0,0,0,0,0,0,0.9382,2.5359,9.4593,0.1096,0.0078,0.0026,7.116,1.5803,409.54,82.174,0.9824,20.48,1.78,0.4337,9.871,0.7899,62.1631,5.0007,2.1661,1.0698,0.6786,0.1914,63.4313,264.622,0.5213,3.28,0.1275,1.353,0.0467,1.2395,24.4645,534.6764,2.0007,8.09,0.3016,2.8562,0.0819,1.5131,15.0738,0.0256,0.0189,0.006,73.8657,0.4926,0.0144,0.0034,2.9319,0.0256,0.0189,0.006,73.8657,-1
Wafer-560,2978.18,2484.78,2159.0556,1084.3779,0.8184,100,100.7056,0.1249,1.4661,-0.0057,0.0036,0.969,198.3914,0,10.6617,413.9935,9.3065,0.9732,189.0849,12.4673,1.4193,-5926.25,2795.75,-3607.6667,-245.5,1.2692,2.0255,7.4195,66.2556,2.6778,0.2234,3.3707,85.2505,8.7812,50.3349,64.0886,49.6651,66.1006,86.6597,119.2232,79.07,3.103,70,365.64,9.6467,148.7973,757.1183,0.8184,129.1836,1,643.6209,134.5973,0,4.603,4.85,2867,0.9142,0.9489,4.5382,-0.6464,369,9.649,128.1509,5.7609,20.6464,25.0675,732.0508,0.9869,143.8264,1,640.9773,77.7328,,,0,-0.0094,-0.0335,0.0178,-0.0698,0.0124,-0.0972,-0.0226,-0.0248,8.4835,0.1283,,2.4037,0.9904,1789.2868,0.2106,9064.6001,0.0663,0.0008,0.0002,-0.0001,0,-0.1023,0,0.2313,-0.0391,-0.0002,0.0002,-0.0612,-0.0111,0.0005,-0.0007,0,-0.0838,-0.0276,,,,0.4638,0.9675,0,798.8875,0.9916,58.0981,0.6097,0.9768,6.2984,15.85,3.23,15.87,15.83,0.9271,2.703,0.511,3.118,0.7569,0.7677,0.9992,2.3503,1002.8717,35.9936,,248.5,190,50.3999,331.64,0.1054,0,6.86,0.0055,0.0558,0.0411,0.0438,0.013,8.3097,0,6.746,9.813,0.3689,0.0099,8.0923,0.21,0.119,,,1324,456,333,1095,0.111,0.063,0.163,3,1.1,0.177,0.608,0.7017,0.0929,0.356,0.3964,0.3561,0.7394,0.2455,0.248,0,0,18.56,0.301,9.58,33.116,0.0654,5.59,0,19.99,27.46,0,0,0,0,0,0,0.251,7.33,15.05,0.532,11.72,15.39,7.33,7.911,39.778,0.2427,8.1,0,22.83,89.3,0,0.0738,0.0522,0.1032,0.0599,0.074,0.0804,0.0562,0.0518,2.5884,0.0021,,0.0344,0.0008,90.8806,0.1161,1874.3999,0,0.0147,0.0159,0,0,0,0,0,0,0,0,0,0.0055,0.0054,0,0,0,0,,,,0.0194,0.0129,0,213.3358,0.0008,3.3055,0.016,0.0064,0.4494,0,0,0,0,0,0,0,0,0,0,0,0.034,35.62,2.8805,,74.7041,57.1431,19.9681,107.7105,0.0358,0,2.2086,0.0015,0.0192,0.0112,0.0126,0.0041,2.412,0,2.134,2.9899,0.1216,0.0032,2.3543,0.0498,0.0459,,,562.2765,196.4355,169.3409,453.8197,0.0495,0.0269,0.0778,1.0051,0.4295,0.0659,0.2276,0.2774,0.0383,0.173,0.1621,0.173,0.2935,0.1054,0.1029,0,0,0,5.9938,0.0954,2.8,9.7023,0.0186,1.4229,0,6.3217,6.9063,0,0,0,0,0,0,0.0852,2.1407,5.4118,0.1837,3.062,9.1104,2.1407,2.2917,11.2366,0.0688,2.0909,0,7.2735,24.4079,,,0,0.0254,0.0228,0.0493,0.0307,0.0217,0.0424,0.0305,0.0222,0.9502,0.0007,,0.0126,0.0002,30.1596,0.0337,556.9221,0,0.0047,0.0041,0.0038,0.0028,0,0,0,0,0,0,0,0.0017,0.0018,0,0,0,0,,,,0.0065,0.0047,0,64.1335,0.0002,0.8519,0.006,0.0018,0.1529,0,0,0,0,0,0,0,0,0,0,0,0.0117,12.1852,1.0482,,8.344,7.6466,2.3343,30.5834,12.8744,0,6.8119,4.4048,3.806,718.6885,0,1.3378,4.1885,0,63.273,2.3703,3.9635,1.0207,4.2797,1.6844,8.3858,22.3413,16.3105,9.2303,446.0285,8.7453,3.1103,2.1969,4.5279,41.0788,79.2143,18.038,0.8231,1.0578,0.7073,0.6185,0.717,1.1186,0.2833,0.208,0,0,0,5.076,3.1202,6.4383,4.374,7.9862,4.3272,0,3.1059,20.4016,0,0,0,0,0,0,5.5308,0,4.0786,5.5135,9.1455,267.1458,35.5026,31.5588,5.4338,24.591,5.6318,0,3.5617,114.8807,0,788.251,155.5887,578.9621,85.8781,594.3775,82.7373,248.6726,208.6606,30.5108,1.6374,,1.4307,0.0775,5.0792,55.1064,20.6782,0,0,0,0,0,0,0,0,0,0,0,0,49.6614,0,0,0,0,0,,,,4.1761,1.3347,0,26.7041,0.0764,5.6894,2.6216,0.6602,7.1354,0,0,0,0,0,0,0,0,0,0,0,1.4455,3.5518,8.0028,0.1096,0.0078,0.0026,7.116,,,,,,,,,,,,,0.964,0.2003,0.0413,20.7785,,,,,,,,,534.6764,2.0007,8.09,0.3016,2.8562,0.0819,1.5131,15.0738,,,,,0.5003,0.0214,0.0054,4.2694,0.0256,0.0189,0.006,73.8657,-1
Wafer-561,2890.67,2574.32,2159.0556,1084.3779,0.8184,100,100.7056,0.1249,1.5157,-0.0158,0.0008,0.9531,201.5834,0,10.2639,410.0418,9.5372,0.9624,192.0462,12.4759,1.3805,-5551.75,2663.5,-3421.25,503.25,1.303,2.0107,7.3043,68.4667,2.6667,0.2149,3.4867,84.9334,8.5459,50.4349,64.1179,49.5651,66.2647,86.6954,118.4652,77.72,2.013,70,360.6764,10.0828,127.1118,726.6594,1.4491,145.7191,1,633.5073,181.0638,0,4.642,4.9,2801,0.9217,0.9472,4.7797,7.24,358.5518,10.4016,114.3518,13.21,12.76,20.1964,706.463,0.9825,147.3936,1,620.2973,90.1335,,,0,-0.0209,-0.0515,-0.0243,-0.0681,0.0265,-0.0852,-0.0364,-0.0169,7.7111,0.1275,,2.3732,0.9865,1779.2903,0.1932,8315.35,0.1455,0.0023,-0.0042,0,0,-0.0379,0,0.0618,-0.1497,0,0,-0.1026,-0.0088,0.002,-0.0022,0.0042,-0.093,-0.0198,,,,0.4759,0.9533,0,708.1497,0.9903,57.843,0.598,0.9785,6.5097,15.89,3.879,15.9,15.98,0.9649,3.463,0.6295,3.199,-0.1419,0.827,0.9997,2.3406,1004.4267,37.3689,94,128.2,131.9,50.3999,331.64,0.1054,0,6.86,0.0055,0.0661,0.0385,0.0479,0.025,6.9209,0,11.55,13.999,0.9138,0.018,6.1394,0.63,0.0428,,,761,114,1418,219,0.107,0.065,0.177,2.6,0.8,0.181,0.25,0.9273,0.1506,0.396,0.5927,0.396,0.5986,0.3631,0.193,0,0,18.67,0.465,7.1,31.557,0.2148,3.87,0,22.98,27.485,0,0,0,0,0,0,0.255,4.77,22.27,0.315,8.58,20.22,4.77,6.79,30.92,0.1957,10.42,0,20.22,98.391,0,0.11,0.0701,0.0442,0.0774,0.0597,0.0937,0.0878,0.0518,3.2248,0.0025,,0.0985,0.0222,88.6595,0.0298,621.4995,0,0.0128,0.0324,0,0,0,0,0,0,0,0,0,0.0077,0.0051,0,0,0,0,,,,0.0175,0.0284,0,77.6223,0.0009,2.778,0.0237,0.0045,0.471,0,0,0,0,0,0,0,0,0,0,0,0.0291,24.653,3.634,25.7894,43.9256,47.4881,19.9681,107.7105,0.0358,0,2.2086,0.0015,0.0224,0.0138,0.015,0.0083,2.1114,0,3.2742,3.7529,0.2463,0.0061,1.8925,0.1847,0.0136,,,346.2758,58.9322,637.6354,102.2167,0.0502,0.0278,0.0822,0.9747,0.2739,0.0549,0.0853,0.3312,0.0536,0.1565,0.236,0.1565,0.2619,0.1319,0.0763,0,0,0,6.0587,0.1539,1.9538,9.593,0.061,1.188,0,6.8965,8.0261,0,0,0,0,0,0,0.0765,1.3439,6.5586,0.1099,2.6409,10.3476,1.3439,2.1654,9.9294,0.0592,3.0858,0,6.5692,33.4197,,,0,0.028,0.0328,0.0181,0.0331,0.0186,0.0503,0.0487,0.0225,1.0631,0.0007,,0.029,0.007,25.7039,0.0077,199.6852,0,0.0042,0.0073,0.0027,0.0064,0,0,0,0,0,0,0,0.0025,0.0017,0,0,0,0,,,,0.0042,0.0103,0,23.8766,0.0003,0.9646,0.0091,0.0017,0.1539,0,0,0,0,0,0,0,0,0,0,0,0.009,9.1065,1.2164,4.2656,4.435,5.1237,2.3343,30.5834,12.8744,0,6.8119,4.4048,4.361,242.9022,0,2.619,3.4333,0,112.5302,3.414,9.5819,1.8719,3.1968,5.0497,3.1026,13.7074,4.2801,41.4468,43.5171,8.2118,3.2326,2.4232,3.7975,30,84.2296,7.1702,1.0918,1.7625,0.7852,0.9244,0.7989,0.9033,0.4188,0.1629,0,0,0,5.1764,4.6118,5.5856,4.3428,14.8216,2.6558,0,3.6274,15.1797,0,0,0,0,0,0,5.3351,65.884,6.2111,3.0284,7.5032,153.0655,37.3824,33.6199,4.3767,19.9232,7.0695,0,3.2597,109.1615,0,526.6308,136.0505,181.7061,113.573,225.283,109.9765,241.0432,306.5089,41.8195,1.9604,,4.1487,2.2546,4.9829,15.449,7.4741,0,568.8889,771.4286,0,0,0,0,0,0,0,0,0,87.2521,253.4161,0,0,0,0,,,,3.6796,2.9817,0,10.9613,0.0868,4.8027,3.9676,0.461,7.2349,0,0,0,0,0,0,0,0,0,0,0,1.2444,2.4544,9.7247,0.1096,0.0078,0.0026,7.116,,,,,,,,,,,,,0.9682,0.1423,0.0387,14.7029,264.508,0.6867,4.33,0.152,1.761,0.066,1.637,22.1332,532.9764,2.3909,10.98,0.2422,3.6929,0.0833,2.0601,10.1292,,,,,0.5098,0.0173,0.0038,3.3839,0.0256,0.0189,0.006,73.8657,-1
Wafer-562,2971.43,2568.93,2167.2,1108.9456,1.4869,100,94.26,0.1249,1.5055,0.0354,-0.0032,0.951,198.2406,0,4.986,404.3037,10.1487,0.9717,188.0919,12.4706,1.3894,-5389.75,2713.75,-4080.5,3843.25,1.2655,1.9905,7.2897,68.1667,1.6778,0.1374,3.3838,85.8748,8.8132,49.8348,63.6886,50.1652,66.3674,86.52,118.8018,77.26,2.244,70,353.4327,10.2565,136.2282,737.6747,1.2942,147.9445,1,637.6055,231.1468,0,4.627,4.861,2873,0.9362,0.9519,4.5591,-2.8818,355.4464,10.5987,113.3464,21.2,22.8818,29.7075,707.9672,1.6745,147.6127,1,616.4055,24.119,154.6262,461.7793,0,-0.0178,0.0285,-0.0008,-0.0311,-0.0068,-0.0274,-0.0192,0.0496,7.8141,0.13,,2.3633,0.9895,1799.8915,0.1928,9240.9799,-0.0144,0.0015,-0.0026,-0.0004,0,0.5457,0,-0.9243,-0.0223,-0.0003,-0.0004,-0.0369,-0.0087,0.0003,-0.0015,0.0026,0.0096,-0.0963,,,,0.4549,0.956,0,780.9506,0.9912,58.1892,0.6037,0.9642,6.3839,15.91,4.392,15.94,15.89,1.239,2.453,0.6586,2.91,-0.5204,0.7586,0.9981,2.2967,1003.0211,38.9026,128,103.5,49.7,68.1001,1245.613,0.148,0,12.33,0.0046,0.2335,0.0472,0.0541,0.0219,7.5937,0,2.564,14.917,0.4214,0.0129,7.249,0.21,0.0442,,,2585,373,8898,1416,0.047,0.106,0.209,3.8,2.4,0.2,0.553,0.6995,0.082,0.4311,0.6884,0.4311,0.5868,0.0947,1.054,0,0,20.11,0.224,10.27,23.6169,0.1033,5.6,0,20.12,38.587,0,0,0,0,0,0,0.203,6.61,18,0.469,6.44,15.72,6.61,8.701,25.654,0.2855,7.89,0,15.72,8.354,0,0.0737,0.0439,0.094,0.1072,0.0961,0.0686,0.0685,0.1302,6.9518,0.0032,,0.0729,0.0015,124.9973,0.0663,317.0996,0,0.0209,0.0236,0,0,0,0,0,0,0,0,0,0.0052,0.0045,0,0,0,0,,,,0.02,0.0077,0,21.7569,0.0006,2.0371,0.0475,0.0245,0.4314,0,0,0,0,0,0,0,0,0,0,0,0.0334,33.747,4.0302,32.1292,29.6241,16.0799,23.4755,401.8832,0.0598,0,4.4515,0.0014,0.0764,0.0134,0.0136,0.0074,2.5503,0,0.9151,5.1246,0.1284,0.0045,2.4613,0.0585,0.015,,,1190.5322,152.7686,3665.0062,655.9163,0.0193,0.0471,0.106,1.1011,0.6852,0.0573,0.1998,0.2539,0.0329,0.1659,0.2591,0.1659,0.222,0.0356,0.4274,0,0,0,6.6169,0.061,3.0117,6.4923,0.0357,1.6561,0,5.9094,11.8153,0,0,0,0,0,0,0.065,2.346,5.9451,0.1618,1.8857,8.9516,2.346,3.0438,8.5907,0.0825,2.5121,0,5.2416,2.5268,6.2278,5.1624,0,0.015,0.0186,0.0418,0.0488,0.0208,0.0351,0.0367,0.0668,2.3826,0.0009,,0.0231,0.0004,45.1499,0.0212,109.3216,0,0.0053,0.0064,0.0084,0.0047,0,0,0,0,0,0,0,0.0017,0.0017,0,0,0,0,,,,0.0059,0.0026,0,8.2252,0.0002,0.5293,0.015,0.0077,0.14,0,0,0,0,0,0,0,0,0,0,0,0.012,13.4011,1.3131,5.6544,3.4832,1.9347,3.1423,112.3241,9.9562,0,13.0808,3.6815,15.5094,133.3569,0,2.3022,3.8305,0,51.424,3.6896,4.1521,1.3251,3.854,1.684,3.1834,47.9614,13.7448,218.0615,36.8438,3.7139,5.3253,2.867,5.5746,143.0464,145.5133,16.3427,0.8146,0.9302,0.8651,1.0809,0.8594,0.8842,0.1095,0.8872,0,0,0,5.6899,2.184,7.5388,3.2015,7.9823,3.7852,0,3.1556,16.6937,0,0,0,0,0,0,4.4526,229.3691,5.0641,4.4251,5.6817,74.1507,28.8876,29.289,3.6236,17.0491,5.3451,0,2.5503,34.6366,0,414.6273,153.7653,0,344.1413,0,250.5936,357.7023,262.7649,88.9654,2.4622,,3.0848,0.1515,6.9447,34.3974,3.4315,0,0,892.6714,0,0,0,0,0,0,0,0,0,59.5136,0,0,0,0,0,,,,4.3948,0.8101,0,2.786,0.0606,3.5007,7.8761,2.5374,6.757,0,0,0,0,0,0,0,0,0,0,0,1.4539,3.3645,10.3597,0.1096,0.0078,0.0026,7.116,0.9961,407.654,74.436,0.1838,17.44,1.09,0.071,8.2548,0.4367,18.4525,4.2781,1.4644,0.9755,0.1623,0.0397,16.633,271.168,0.6009,7.09,0.0933,2.8731,0.0424,2.6146,15.5325,531.4073,2.0161,8.05,0.3213,2.8487,0.1038,1.5148,15.9361,,,,,0.5006,0.0106,0.0028,2.1237,0.0256,0.0189,0.006,73.8657,-1
Wafer-563,3022.02,2323.34,2159.0556,1084.3779,0.8184,100,100.7056,0.1249,1.4527,0,-0.0055,0.9752,198.2131,0,12.5698,417.7679,9.6063,0.9794,188.6068,12.5218,1.3826,-5536,2806.75,-3517.75,2789,1.324,1.9883,7.2677,68,1.8333,0.1603,3.3034,103.1082,23.1583,57.7421,74.8511,42.2579,67.199,87.0024,127.3944,77.9,3.552,70,356.59,10.2559,133.7373,738.3945,1.3427,148.2473,1,638.5746,190.5148,0,4.637,4.836,2881,0.934,0.9588,4.5775,-0.9409,356.9082,10.6115,112.7964,15.7682,20.9409,29.2332,709.1613,0.9277,153.1018,1,622.8064,75.7604,,,0,0.0113,-0.0334,-0.0159,-0.0314,-0.004,-0.098,-0.03,0.0612,7.7911,0.131,,2.4283,0.9894,1772.8633,0.2013,8889.0501,0.0047,0.0081,-0.0009,0,0,-0.0098,0,-0.0143,0.0056,0.0001,0,0.0155,-0.0073,-0.0001,-0.0081,0.0009,0.0122,0.0779,,,,0.4576,0.9585,0,770.3773,0.9915,59.3493,0.6091,0.978,6.3235,15.85,3.23,15.87,15.83,0.9271,2.703,0.511,3.118,0.7569,0.7677,0.9992,2.3503,1002.8717,35.9936,159,172.5,191,50.3999,331.64,0.1054,0,6.86,0.0055,0.1229,0.0463,0.0442,0.0075,7.8158,0,15.039,10.863,0.3937,0.0057,7.5526,0.26,0.0405,,,509,231,1050,14576,0.071,0.078,0.315,2.3,1.2,0.158,0.849,0.792,0.2011,0.16,0.4391,0.16,0.7855,0.3025,0.209,0,0,19.48,0.138,8.72,24.714,0.1166,5.52,0,19.96,69.713,0,0,0,0,0,0,0.211,4.03,21.34,0.315,6.38,12.75,4.03,8.467,27.323,0.3631,9.94,0,12.75,85.565,0,0.0502,0.0595,0.0341,0.1119,0.0492,0.0851,0.0848,0.0988,3.6031,0.0019,,0.0597,0.002,152.8048,0.1068,620.2998,0,0.0087,0.0113,0,0,0,0,0,0,0,0,0,0.0052,0.0061,0,0,0,0,,,,0.0236,0.0065,0,53.8887,0.0013,3.7084,0.0292,0.005,0.4431,0,0,0,0,0,0,0,0,0,0,0,0.034,35.62,2.8805,37.8656,64.6279,58.5337,19.9681,107.7105,0.0358,0,2.2086,0.0015,0.045,0.0138,0.0119,0.0024,2.3311,0,4.6255,2.6849,0.1272,0.0018,2.2718,0.0743,0.0132,,,228.5709,126.4315,496.0023,6907.9457,0.0349,0.0319,0.1355,0.6928,0.4301,0.0648,0.2758,0.3219,0.0816,0.0645,0.1818,0.0645,0.2957,0.1215,0.089,0,0,0,6.2044,0.0471,2.8125,6.9117,0.0401,1.6943,0,5.9149,19.4868,0,0,0,0,0,0,0.0652,1.2834,6.3803,0.0881,1.8405,9.4401,1.2834,2.3513,8.3452,0.0949,3.1677,0,4.5783,25.2502,,,0,0.0122,0.0287,0.0145,0.0495,0.0141,0.0457,0.0457,0.0533,1.179,0.0007,,0.0175,0.0006,50.0358,0.0311,181.0862,0,0.0024,0.0034,0.0021,0.0014,0,0,0,0,0,0,0,0.002,0.0023,0,0,0,0,,,,0.006,0.0025,0,16.292,0.0004,1.1064,0.0087,0.0015,0.1308,0,0,0,0,0,0,0,0,0,0,0,0.0117,12.1852,1.0482,6.917,5.7081,8.2209,2.3343,30.5834,12.8744,0,6.8119,4.4048,8.4598,0,796.3964,0.7652,3.9431,0,119.6437,2.6002,4.0984,0.5862,4.0044,2.0764,2.9315,9.1944,8.2302,29.8486,522.6246,5.3625,3.923,4.3342,3.3824,65.4545,98.5447,25.7004,0.7681,0.8684,0.2771,0.5866,0.3786,1.1689,0.3477,0.1641,0,0,0,5.4629,1.3456,6.5202,3.347,8.6848,3.7235,0,3.1257,36.5919,0,0,0,0,0,0,4.6095,428.3092,5.9791,2.9685,5.6562,80.8588,19.2446,28.9636,3.8529,39.1418,6.4924,0,2.0472,112.9416,0,445.9745,177.8774,214.4654,356.0859,0,86.8589,282.4313,161.5699,46.2458,1.4499,,2.4585,0.2063,8.6191,53.0463,6.9782,0,107.7399,0,0,0,0,0,0,0,0,0,0,70.8688,0,0,0,0,0,,,,5.163,0.6787,0,6.9951,0.1358,6.2485,4.7915,0.5152,7.0066,0,0,0,0,0,0,0,0,0,0,0,1.4455,3.5518,8.0028,0.1096,0.0078,0.0026,7.116,,,,,,,,,,,,,0.951,0.1038,0.036,10.9099,249.254,0.6593,5.59,0.1309,2.1015,0.0559,2.2427,19.847,536,2.0571,7.91,0.3413,2.442,0.0928,1.4758,16.5929,,,,,0.4985,0.0233,0.0051,4.6732,0.0256,0.0189,0.006,73.8657,-1
Wafer-564,2941.23,2505.38,2160.6,1124.5821,1.5257,100,98.7122,0.1246,1.4713,0.0384,0.0011,0.9529,199.7558,0,11.1116,416.9427,9.6635,0.9616,190.0923,12.58,1.4071,-6257.5,2595.75,-4031.5,-3358.75,1.2563,2.0055,7.3262,70.2667,2.2889,0.1896,3.4872,84.7348,8.6706,49.9566,64.5635,50.0434,65.8977,86.8967,118.1992,77.84,3.515,70,353.4809,10.2509,129.0864,722.3626,0.9716,139.64,1,622.2073,118.6777,0,4.577,4.861,2873,0.9295,0.9416,4.5017,2.2855,352.9764,10.6605,111.3718,10.9018,17.7145,21.7095,700.6531,1.5497,146.9573,1,611.3055,24.8866,,,0,-0.0422,-0.0298,-0.0044,-0.0318,0.0016,-0.0944,-0.0213,-0.0027,6.839,0.1346,,2.4393,0.99,1872.5908,0.2011,8586.1801,-0.1071,0.0056,-0.0021,-0.0003,0,0.4056,0,-0.8827,-0.2334,0.0001,-0.0004,0.2625,-0.0062,0.0031,-0.0056,0.0019,-0.2231,0.0497,,,,,0.9372,0,730.9317,0.9922,59.5427,0.6033,0.971,6.2276,15.65,4.406,15.7,15.66,1.116,2.552,0.7675,3.4,1.04,0.657,0.9974,2.3146,991.5424,46.1502,92,201.9,207.9,56.7002,246.6509,0.2148,0,3.91,0.0044,0.0814,0.2097,0.1168,0.0203,5.5658,0,5.201,5.9,0.3775,0.0146,5.3078,0.17,0.0449,,,2133,336,1897,5071,0.035,0.063,0.137,3.2,1.3,0.088,0.431,0.4945,0.0975,0.4189,0.5131,0.4189,0.7879,0.0735,1.123,0,0,22.74,0.381,22,19.511,0.1115,6,0,14.59,19.986,0,0,0,0,0,0,0.288,16.51,21.78,0.874,36.64,26.46,16.51,13.614,32.193,0.7753,14.91,0,26.46,15.199,0,0.0571,0.045,0.039,0.1015,0.07,0.089,0.0896,0.1396,4.0862,0.0064,,0.0274,0.0011,159.2495,0.0346,590.7002,0,0.0256,0.0365,0,0,0,0,0,0,0,0,0,0.0026,0.0046,0,0,0,0,,,,,0.0251,0,69.0169,0.0004,3.6222,0.0288,0.023,0.5826,0,0,0,0,0,0,0,0,0,0,0,0.1018,16.069,5.2144,26.6999,65.9697,65.2106,21.0015,74.302,0.0661,0,1.1187,0.0013,0.0285,0.0469,0.0346,0.0067,1.876,0,1.7482,1.8054,0.1179,0.0047,1.7864,0.0499,0.0176,,,991.2189,157.1186,819.3471,2174.6567,0.0166,0.0281,0.0569,0.9165,0.4256,0.0296,0.13,0.2281,0.0386,0.1608,0.1863,0.1608,0.2996,0.034,0.457,0,0,0,6.678,0.1158,6.3231,6.6024,0.0321,2.0197,0,4.3296,7.1566,0,0,0,0,0,0,0.0954,4.2695,6.3965,0.28,10.0211,13.5441,4.2695,3.7969,9.8122,0.2402,4.8332,0,7.8685,5.2302,,,0,0.0162,0.0217,0.0166,0.0444,0.0209,0.0378,0.0477,0.0656,1.4951,0.0019,,0.0095,0.0004,49.5409,0.0114,168.3737,0,0.0086,0.0096,0.0058,0.0026,0,0,0,0,0,0,0,0.001,0.0015,0,0,0,0,,,,,0.0089,0,19.2774,0.0001,0.9146,0.0096,0.007,0.1904,0,0,0,0,0,0,0,0,0,0,0,0.0367,5.8755,1.8627,4.1456,6.8645,8.2981,2.6243,21.9327,14.0801,0,3.961,3.5303,5.5324,546.4495,0,2.126,2.7863,0,46.8068,1.4151,3.9069,1.5151,2.7922,1.3514,3.193,34.0871,12.9442,47.0544,150.9788,2.7861,3.1414,1.87,4.5541,56.7961,46.4244,12.3594,0.5836,1.1239,0.8385,0.7947,0.8371,1.1956,0.0846,0.9501,0,0,0,6.4332,3.7167,17.0429,2.701,11.4761,4.2968,0,2.3449,16.8406,0,0,0,0,0,0,6.3975,722.3947,6.1704,8.1985,32.8988,242.7112,93.2003,62.7096,4.5947,50.0295,10.1458,0,4.3284,61.0729,0,135.248,150.8801,881.3559,318.9317,0,94.3046,420.6573,0,59.7493,4.7556,,1.1253,0.116,8.5042,17.185,6.8797,0,456.6332,0,0,0,0,0,0,0,0,0,0,42.0202,146.6135,0,0,0,0,,,,,2.6808,0,9.4423,0.0452,6.0834,4.7683,2.3732,9.3555,0,0,0,0,0,0,0,0,0,0,0,4.3977,1.6206,11.2988,0.1096,0.0078,0.0026,7.116,1.3232,402.738,77.642,1.0445,14.1,1.12,0.4923,5.5596,0.4051,78.9332,3.501,1.4425,0.919,0.1361,0.0315,14.8109,264.272,0.5671,4.98,0.0877,2.0902,0.0382,1.8844,15.4662,532.5336,2.2723,8,0.2372,2.7908,0.0892,1.5023,10.439,,,,,0.5004,0.0179,0.0046,3.5847,0.0256,0.0189,0.006,73.8657,-1
Wafer-565,3042.7,2355.11,2242.8555,1430.727,0.8832,100,106.21,0.1216,1.4817,0.003,0.0049,0.9771,197.4725,0,5.3541,400.4759,10.6081,0.9848,186.8644,12.499,1.4068,-6585.75,2915,-4569.5,1191.25,0.989,1.8927,5.2405,67.4778,3,0.201,4.7084,83.7263,8.7867,50.198,64.0159,49.802,66.3724,86.5708,118.6914,76.15,2.956,70,361.7718,9.6066,136.5209,734.1845,0.842,131.5618,1,629.8546,127.4543,0,4.642,4.89,2843,0.9302,0.9492,4.5729,0.7227,365.0782,9.845,117.2436,10.3116,19.2773,24.1852,709.9994,1.0078,138.4818,1,620.8036,90.6389,157.0393,463.7644,0,-0.0244,-0.006,-0.009,-0.0404,0.015,0.0007,-0.0229,0.0544,7.6453,0.1297,,2.3757,0.9619,1865.0032,0.1774,8437.5501,-0.0836,0.0023,-0.0031,0.0003,0.0001,-0.4514,0,0.9299,-0.0586,0,0.0004,0.0103,-0.015,0.0008,-0.0023,0.0031,-0.0716,-0.0298,,,,0.4563,0.9479,0,731.424,0.9915,58.9889,0.6059,0.9645,6.3576,15.91,4.392,15.94,15.89,1.239,2.453,0.6586,2.91,-0.5204,0.7586,0.9981,2.2967,1003.0211,38.9026,147,192,131.4,62.9001,227.0289,0.1099,0,5.67,0.0039,0.0851,0.0546,0.04,0.0053,4.8149,0,5.236,20.638,0.5231,0.0059,4.3372,0.38,0.0794,,,408,595,4083,373,0.094,0.073,0.033,2.7,0.7,0.071,0.134,0.6531,0.1175,0.3377,0.6535,0.3376,0.5457,0.1211,0.964,0,0,18.55,0.172,9.1,32.514,0.0826,5.39,0,22.77,16.571,0,0,0,0,0,0,0.255,4.79,17.4,0.687,6.79,16.05,4.79,4.394,31.874,0.1406,5.04,0,21.31,60.537,0,0.0491,0.0489,0.0366,0.0988,0.0402,0.0732,0.088,0.0955,3.8827,0.0036,,0.082,0.0116,144.4226,0.059,647.3999,0,0.0164,0.0172,0,0,0,0,0,0,0,0,0,0.0056,0.0062,0,0,0,0,,,,0.0378,0.0212,0,77.8391,0.0015,3.9208,0.0411,0.027,0.4386,0,0,0,0,0,0,0,0,0,0,0,0.0334,33.747,4.0302,31.8803,65.1601,49.1625,21.1302,80.6074,0.0359,0,2.1317,0.0011,0.0245,0.0146,0.0119,0.0018,1.4923,0,1.4145,5.2548,0.1512,0.002,1.3873,0.0964,0.025,,,184.8628,262.9411,1768.385,153.3783,0.041,0.0329,0.0156,0.8467,0.2179,0.0245,0.0464,0.2525,0.0534,0.1268,0.2614,0.1268,0.2106,0.0443,0.4006,0,0,0,5.8915,0.0518,2.5386,8.9278,0.0255,1.4852,0,6.2704,5.1943,0,0,0,0,0,0,0.0858,1.5881,5.9013,0.2181,1.917,8.9449,1.5881,1.5027,9.0452,0.0438,1.4806,0,6.8197,15.9151,6.0609,2.3477,0,0.0141,0.0261,0.0163,0.0468,0.012,0.0352,0.0463,0.0502,1.5527,0.001,,0.0263,0.004,45.1974,0.0185,200.7063,0,0.004,0.0046,0.0059,0.0027,0,0,0,0,0,0,0,0.0018,0.0024,0,0,0,0,,,,0.0085,0.0079,0,23.0071,0.0004,1.193,0.0131,0.0088,0.1476,0,0,0,0,0,0,0,0,0,0,0,0.012,13.4011,1.3131,6.4871,6.3102,5.5794,2.8045,15.8681,12.4432,0,5.3385,3.2064,5.7433,0,817.3691,0.5385,2.4383,0,97.7944,5.1534,4.9308,0.6021,2.3211,3.0402,5.6462,6.1952,20.4117,89.3533,31.3116,9.5046,3.8568,0.6297,4.0013,23.3333,35.3234,2.846,0.78,1.3368,0.6727,1.0208,0.6779,0.8222,0.1399,0.8122,0,0,0,5.1275,1.7904,6.6657,4.4286,9.8098,4.0969,0,3.6151,13.0015,0,0,0,0,0,0,5.5763,662.7673,4.7661,6.9782,5.7914,155.6498,24.8479,18.1683,4.4893,13.9469,3.6395,0,3.4326,66.7892,0,201.2811,821.8487,405.5402,244.2522,268.2235,0,385.1204,175.6322,50.7858,2.7763,,3.4529,1.2037,7.7438,33.2635,7.6728,0,711.1111,547.1173,0,0,0,0,0,0,0,0,0,37.2712,787.3016,0,0,0,0,,,,8.2751,2.2369,0,10.6421,0.1496,6.6467,6.7886,2.7992,6.8991,0,0,0,0,0,0,0,0,0,0,0,1.4539,3.3645,10.3597,0.1096,0.0078,0.0026,7.116,,,,,,,,,,,,,1.4648,0.6839,0.2068,46.6919,,,,,,,,,531.4073,2.0161,8.05,0.3213,2.8487,0.1038,1.5148,15.9361,,,,,0.4937,0.0153,0.0034,3.0907,0.0256,0.0189,0.006,73.8657,-1
Wafer-566,3036.34,2468.91,2179.0778,1820.0613,1.6746,100,99.33,0.1261,1.5186,0.0171,0.0043,0.9658,197.2838,0,7.3383,421.9003,10.2402,0.9702,187.0436,12.4722,1.4125,-5484,2648,-521.25,-1377.25,1.2895,1.977,7.3315,66.5778,2.0444,0.1812,3.4029,85.3825,9.7324,50.3716,64.2442,49.6284,66.6973,87.1381,118.0668,16.64,6.215,70,352.1627,10.0738,126.86,715.6795,1.4301,142.5382,1,621.5609,175.4388,0,4.613,4.83,2822,0.9361,0.955,4.5539,4.9073,348.5109,10.4675,111.7673,13.8418,15.0927,22.9594,692.7201,0.8293,147.4409,1,607.7191,86.6301,,,0,-0.0448,-0.0849,-0.0085,-0.0221,0.0185,-0.077,-0.0117,0.027,7.9582,0.1327,,2.3841,0.9906,1800.5703,0.2108,8672.86,0.2246,-0.009,-0.0088,-0.0003,-0.0001,0.4104,0,-0.4854,-0.0651,-0.0005,-0.0002,-0.0853,-0.0128,0.0009,0.009,0.0088,-0.0982,-0.183,,,,0.4617,0.9511,0,754.3501,0.9614,57.0533,0.6123,0.9725,6.2458,15.95,4.41,16.01,15.97,1.447,2.875,0.6809,3.118,-0.5204,0.7232,0.9961,2.2771,1007.4808,38.3809,147,170.9,133.4,40.4001,413.78,0.5671,0,7.66,0.0037,0.1,0.0643,0.0632,0.0107,3.2692,0,4.347,12.01,0.8898,0.0076,2.9229,0.37,0.0245,,,1124,181,17918,1727,0.022,0.063,0.209,1.9,1.3,0.167,0.653,0.7473,0.0743,0.3412,0.6345,0.3412,0.9513,0.2813,0.138,0,0,15.73,0.309,7.83,31.183,0.2029,6.65,0,14.68,37.016,0,0,0,0,0,0,0.273,4.01,18.41,0.3,7.29,20.58,4.01,5.327,32.444,0.1276,6.6,0,20.58,92.135,0,0.1242,0.0451,0.0394,0.0874,0.0715,0.0813,0.0837,0.0479,5.6162,0.0023,,0.0763,0.0009,104.1786,0.1118,1353.6997,0,0.0217,0.0268,0,0,0,0,0,0,0,0,0,0.0036,0.0064,0,0,0,0,,,,0.0188,0.0101,0,144.7151,0.0276,3.2574,0.0303,0.0196,0.5214,0,0,0,0,0,0,0,0,0,0,0,0.0413,31.723,2.7649,36.4549,54.826,49.4347,14.9241,126.3265,0.1832,0,2.3371,0.0012,0.0383,0.0189,0.0185,0.0034,1.125,0,1.4419,3.6209,0.2381,0.0026,1.0191,0.0937,0.0095,,,524.0522,84.951,8251.7326,809.4209,0.0096,0.0302,0.0981,0.622,0.4927,0.0584,0.1983,0.302,0.0324,0.1417,0.2364,0.1417,0.3534,0.1126,0.0658,0,0,0,4.8511,0.101,2.173,9.2661,0.0648,2.2141,0,4.2746,12.3877,0,0,0,0,0,0,0.0921,1.0798,5.4737,0.0901,2.103,7.5192,1.0798,1.9175,9.9965,0.0354,1.9702,0,6.2103,28.1938,,,0,0.0335,0.0214,0.0162,0.0407,0.0196,0.0458,0.0439,0.0217,1.9339,0.0009,,0.0241,0.0003,32.0493,0.034,398.4349,0,0.0058,0.0072,0.0057,0.0037,0,0,0,0,0,0,0,0.0011,0.0021,0,0,0,0,,,,0.006,0.0032,0,41.0551,0.0085,1.1208,0.01,0.0066,0.1682,0,0,0,0,0,0,0,0,0,0,0,0.0135,11.4372,0.8707,6.4317,5.6285,5.4032,1.854,22.7344,33.8649,0,7.7117,2.9352,6.5852,375.4745,0,1.1114,1.6571,0,59.2374,2.8466,8.6891,0.7864,1.5627,2.9666,1.7331,20.496,6.8353,0,125.3948,1.7061,3.1866,2.8507,2.8538,63.587,92.1521,19.1896,0.8752,0.7634,0.6774,0.9876,0.6875,1.4263,0.3228,0.1169,0,0,0,4.4667,3.0674,6.1722,4.3571,14.1901,4.6654,0,2.3618,21.0991,0,0,0,0,0,0,5.9949,81.7155,5.2825,2.866,6.5225,148.6801,26.5691,23.2017,4.6836,15.3889,4.4764,0,3.3864,106.3545,0,276.9231,53.1057,463.5294,395.0282,387.2715,105.5159,716.9165,177.2433,70.5713,1.7152,,3.1991,0.0927,5.7859,53.0288,15.6085,0,240.9438,303.0389,0,0,0,0,0,0,0,0,0,28.18,731.4286,0,0,0,0,,,,4.0757,1.0633,0,19.1841,2.8712,5.7093,4.9438,2.0103,8.3485,0,0,0,0,0,0,0,0,0,0,0,1.8115,3.1487,7.2038,0.1096,0.0078,0.0026,7.116,1.1855,404.286,79.828,1.3278,13.24,1.54,0.5611,6.1374,0.5988,112.0089,3.2749,1.9291,0.978,0.1339,0.0362,13.6884,247.242,0.9053,5.86,0.0709,2.2712,0.0318,2.3701,7.8341,532.7527,2.4554,8.69,0.3926,3.1316,0.1139,1.6312,15.9899,,,,,0.5004,0.0151,0.0034,3.0173,0.0256,0.0189,0.006,73.8657,-1
Wafer-567,3045.38,2513.26,2124.8444,1180.282,0.8465,100,100.7978,0.1257,1.4309,0.0455,-0.0186,0.9537,200.5263,0,8.2795,421.7674,10.4038,0.9732,190.1225,12.481,1.3872,-6495.25,3127,-3117.75,1115,0.9635,1.894,5.0808,67.5778,2.2556,0.1564,4.64,84.2212,9.2047,50.1936,64.0841,49.8064,66.4854,87.0488,118.034,65.01,3.459,70,350.5982,9.8921,129.1973,713.6117,1.0666,137.41,1,617.2055,49.0073,0,4.575,4.84,2822,0.9378,0.9452,4.6615,2.28,348.0564,10.4413,111.4773,9.9055,17.72,23.4612,690.1506,0.8086,149.0127,1,608.5464,100.1534,,,0,0.0147,-0.0509,-0.0295,-0.0514,0.0075,-0.1114,-0.0095,-0.0078,7.5277,0.1293,,2.4174,0.9671,1894.9172,0.1915,8933.02,0.0627,0.0003,0.0018,0.0001,0.0001,-0.1138,0,0.2111,-0.0065,0,0.0001,-0.0897,-0.0116,0.0001,-0.0003,-0.0018,-0.0577,-0.0313,,,,0.4645,0.9654,0,781.7359,0.9908,57.2015,0.6047,0.9747,6.3152,15.95,4.41,16.01,15.97,1.447,2.875,0.6809,3.118,-0.5204,0.7232,0.9961,2.2771,1007.4808,38.3809,105,142.6,149.4,57.4001,533.8361,0.12,0,8.15,0.0037,0.0826,0.0573,0.0525,0.026,7.5405,0,5.6,9.489,0.416,0.0135,7.2864,0.53,0.0778,,,496,604,4853,446,0.101,0.066,0.243,3.3,0.7,0.092,0.157,0.6024,0.1348,0.4061,0.7844,0.4061,0.8855,0.2246,0.228,0,0,25.74,0.946,6.05,27.382,0.2217,9.17,0,20.71,26.984,0,0,0,0,0,0,0.328,5.87,16.56,0.23,8.84,13.14,5.87,5.387,32.769,0.1399,11.26,0,22.93,84.786,0,0.0665,0.0445,0.0306,0.0448,0.0356,0.0552,0.0888,0.0503,1.6619,0.0023,,0.0481,0.0116,126.0663,0.0325,1030.7002,0,0.0177,0.0157,0,0,0,0,0,0,0,0,0,0.0031,0.0047,0,0,0,0,,,,0.0478,0.01,0,106.9792,0.001,1.9686,0.0277,0.006,0.3954,0,0,0,0,0,0,0,0,0,0,0,0.0413,31.723,2.7649,29.8946,55.332,50.6712,22.0891,170.3666,0.0368,0,2.5067,0.0011,0.0348,0.0156,0.0147,0.0086,2.6343,0,1.5592,2.5737,0.1282,0.0044,2.5283,0.1694,0.0298,,,215.2741,262.4703,2022.5071,195.6749,0.0463,0.0275,0.1302,0.9985,0.2603,0.0297,0.0515,0.2567,0.0537,0.1636,0.2967,0.1636,0.3398,0.0857,0.0902,0,0,0,7.8586,0.3987,1.977,8.3872,0.0752,2.5048,0,6.3269,7.9761,0,0,0,0,0,0,0.1019,1.7614,5.6444,0.0688,2.4441,9.4139,1.7614,1.7233,9.7626,0.0407,3.2801,0,5.8152,26.7657,,,0,0.0161,0.0201,0.0129,0.0201,0.0102,0.0272,0.0462,0.0281,0.6249,0.0006,,0.0135,0.0037,39.0002,0.0085,296.0687,0,0.0044,0.0047,0.0035,0.002,0,0,0,0,0,0,0,0.0011,0.0014,0,0,0,0,,,,0.0103,0.0028,0,31.2085,0.0003,0.6621,0.0088,0.0014,0.1321,0,0,0,0,0,0,0,0,0,0,0,0.0135,11.4372,0.8707,4.7101,4.6825,5.9445,2.7014,45.2295,14.1805,0,8.0855,2.9429,5.7726,125.9687,282.8283,2.7214,3.7604,0,67.6366,2.2498,3.9988,1.3849,3.8325,4.2464,5.6054,7.6363,19.3156,155.6571,40,10.4826,3.4847,4.7828,4.8833,31.0345,58.8068,3.3836,0.7153,1.4641,0.8091,1.224,0.8154,1.3319,0.258,0.1932,0,0,0,7.3417,9.5632,4.6828,3.8371,20.7888,6.6735,0,3.3554,55.0612,0,0,0,0,0,0,7.0363,257.4561,4.7578,2.2028,7.9299,132.6537,33.1264,22.9613,4.7481,17.2999,7.5564,0,3.768,84.6562,0,451.6129,87.3834,103.641,87.2019,473.8769,49.5623,934.7368,646.9453,22.0769,1.7787,,1.9901,1.2042,6.6529,16.9836,11.5381,0,0,860.274,0,0,0,0,0,0,0,0,0,26.8108,0,0,0,0,0,,,,10.2908,1.0335,0,13.6848,0.1042,3.4416,4.5812,0.6121,6.2608,0,0,0,0,0,0,0,0,0,0,0,1.8115,3.1487,7.2038,0.1096,0.0078,0.0026,7.116,1.7671,408.272,73.658,3.9653,12.27,1.34,1.703,5.6312,0.546,224.3978,3.0053,1.8192,0.978,0.1339,0.0362,13.6884,264.444,0.5924,2.19,0.1618,0.8477,0.0574,0.8282,27.3133,536.0573,1.8813,8.42,0.2162,2.8159,0.066,1.5707,11.4941,,,,,0.5011,0.0157,0.0042,3.1364,0.0256,0.0189,0.006,73.8657,-1
Wafer-568,2907.52,2547.13,2159.0556,1084.3779,0.8184,100,100.7056,0.1249,1.4043,0.0069,-0.0041,0.9641,198.5285,0,11.5415,415.8879,9.3944,0.9576,189.1341,12.5302,1.4008,-5353,2515.25,-4898.75,645.3333,1.33,1.9937,7.3167,67.9444,1.8556,0.1428,3.5354,103.1082,23.1583,57.7421,74.8511,42.2579,67.199,87.0024,127.3944,77.9,3.552,70,353.5755,10.3575,131.3264,732.2476,1.3727,151.2118,1,636.1136,188.7525,0,4.624,4.858,2888,0.9329,0.9516,4.5834,0.9518,354.3845,10.6303,112.2782,16.2372,19.0482,26.3334,705.9143,0.8905,153.2136,1,619.8764,69.0185,,,0,-0.018,-0.0533,0.0042,-0.0529,-0.0102,-0.1052,-0.0196,0.0046,7.214,0.1319,,2.3766,0.9862,1847.0164,0.1916,9137.6599,-0.0349,-0.0001,-0.0073,0,0.0001,-0.0057,0,-0.3052,-0.0521,0.0005,-0.0001,-0.0449,-0.0071,0.0007,0.0001,0.0073,-0.0484,-0.0716,,,,0.4598,0.9511,0,790.743,0.9912,56.9734,0.5903,0.9636,6.4455,15.89,3.879,15.9,15.98,0.9649,3.463,0.6295,3.199,-0.1419,0.827,0.9997,2.3406,1004.4267,37.3689,131,207.7,147.8,50.3999,331.64,0.1054,0,6.86,0.0055,0.0791,0.0534,0.0499,0.016,6.7185,0,10.798,14.202,1.0089,0.0172,5.8676,0.35,0.0418,,,820,312,2471,18389,0.184,0.087,0.152,2.6,1.6,0.158,0.456,0.792,0.2011,0.16,0.4391,0.16,0.7855,0.3025,0.209,0,0,19.44,0.193,8.75,22.292,0.0773,4.47,0,12.11,45.042,0,0,0,0,0,0,0.19,4.7,20.58,0.234,5.27,16.84,4.7,6.499,24.871,0.2065,9.03,0,16.84,79.72,0,0.0592,0.0443,0.0776,0.0647,0.0599,0.0862,0.0763,0.0644,4.757,0.0035,,0.0292,0.0023,72.1797,0.0449,1350.7998,0,0.0193,0.0135,0,0,0,0,0,0,0,0,0,0.0048,0.0054,0,0,0,0,,,,0.0174,0.0105,0,128.5095,0.0018,3.2844,0.0176,0.0284,0.609,0,0,0,0,0,0,0,0,0,0,0,0.0291,24.653,3.634,31.9114,61.5614,52.0251,19.9681,107.7105,0.0358,0,2.2086,0.0015,0.029,0.0148,0.0111,0.0052,2.0734,0,3.9016,4.1689,0.2714,0.0056,1.8306,0.0947,0.0142,,,340.1166,136.744,1076.6505,9617.5945,0.0759,0.0413,0.0633,0.7907,0.5703,0.0485,0.1957,0.3219,0.0816,0.0645,0.1818,0.0645,0.2957,0.1215,0.089,0,0,0,6.1273,0.0606,2.7427,6.4153,0.0279,1.4636,0,3.5391,11.7875,0,0,0,0,0,0,0.0623,1.6452,6.3384,0.0755,1.8085,7.9002,1.6452,1.8393,7.5567,0.061,2.538,0,4.6253,24.4657,,,0,0.0203,0.0187,0.0388,0.03,0.0151,0.0446,0.0336,0.0272,1.4345,0.001,,0.0111,0.0007,25.737,0.0128,386.2826,0,0.0046,0.0046,0.0021,0.0032,0,0,0,0,0,0,0,0.0016,0.0018,0,0,0,0,,,,0.0051,0.0033,0,37.0816,0.0005,1.0315,0.0059,0.0088,0.1953,0,0,0,0,0,0,0,0,0,0,0,0.009,9.1065,1.2164,6.0079,7.1435,5.8026,2.3343,30.5834,12.8744,0,6.8119,4.4048,5.6326,778.8514,0,1.6622,3.3842,0,93.5577,3.4149,10.739,1.7921,3.1023,2.7933,2.9819,15.3185,12.4043,50.4414,0,13.8346,4.3636,2.0774,3.8267,86.2275,110.6615,12.898,0.7681,0.8684,0.2771,0.5866,0.3786,1.1689,0.3477,0.1641,0,0,0,5.4981,1.8634,6.6628,3.0443,5.6297,2.9561,0,1.9037,23.863,0,0,0,0,0,0,4.1453,493.7918,5.8072,2.2013,4.6937,103.7122,24.6743,24.6798,3.5232,23.1954,5.8937,0,2.7167,115.5053,0,328.8889,83.0366,0,122.3641,584.7468,81.9586,388.7898,0,65.9407,2.6544,,1.2288,0.2378,3.9079,23.4328,14.7828,0,0,184.3003,0,0,0,0,0,0,0,0,0,67.7249,771.4286,0,0,0,0,,,,3.7747,1.1087,0,16.2517,0.1774,5.7648,2.9895,2.9467,9.4492,0,0,0,0,0,0,0,0,0,0,0,1.2444,2.4544,9.7247,0.1096,0.0078,0.0026,7.116,,,,,,,,,,,,,0.9449,0.0789,0.0226,8.3522,,,,,,,,,531.4073,2.0161,8.05,0.3213,2.8487,0.1038,1.5148,15.9361,,,,,0.5005,0.0155,0.0036,3.1057,0.0256,0.0189,0.006,73.8657,-1
Wafer-569,3033.29,2508.86,2124.8444,1180.282,0.8465,100,100.7978,0.1257,1.4708,0.0121,-0.0155,0.9538,199.8783,0,6.6656,413.3757,10.5538,0.9734,189.3245,12.4998,1.417,-6279,2997.25,-5047.5,1500.25,0.9768,1.884,5.0193,70.6889,1.7556,0.1294,4.6438,83.6359,9.7836,50.2716,64.1163,49.7284,66.5667,87.2,117.9252,66.12,3.242,70,360.2209,9.9555,141.7582,745.4209,0.9171,136.4645,1,638.4436,126.5903,0,4.659,4.911,2848,0.928,0.9487,4.5337,1.2836,360.2055,10.2478,123.0418,10.1086,18.7164,23.8157,721.6052,1.0014,149.5782,1,632.8255,63.3815,,,0,0.0439,-0.0917,0.0025,-0.0953,0.0269,-0.1054,-0.0191,-0.0185,7.0376,0.1337,,2.4186,0.9616,1854.9557,0.1634,8543.74,0.0251,-0.0004,0.0013,-0.0001,0,0.0765,0,0.1875,0.0177,-0.0005,0.0001,-0.0604,-0.012,-0.0002,0.0004,-0.0013,-0.0954,-0.0705,,,,0.4618,0.9268,0,702.0668,0.9904,59.1488,0.5967,0.9766,6.2185,15.95,4.41,16.01,15.97,1.447,2.875,0.6809,3.118,-0.5204,0.7232,0.9961,2.2771,1007.4808,38.3809,161,67.5,140.8,57.4001,533.8361,0.12,0,8.15,0.0037,0.1459,0.0746,0.0507,0.0189,7.0547,0,3.688,10.589,0.451,0.01,6.7684,0.17,0.0488,0.0352,853.5996,417,491,6168,84,0.114,0.064,0.245,2.3,0.9,0.076,0.162,0.5844,0.0617,0.3105,0.5844,0.3105,0.7618,0.2439,0.192,0,0,20.75,0.592,11.7,37.356,0.1146,9.21,0,25.84,18,0,0,0,0,0,0,0.224,5.47,27.85,1.056,13.31,17.7,5.47,4.293,38.154,0.8909,18.96,0,30.6,109.323,0,0.1331,0.0433,0.0293,0.0529,0.0871,0.0618,0.0889,0.059,3.5598,0.0035,,0.0624,0.0164,147.3008,0.0408,885.3003,0,0.0161,0.0144,0,0,0,0,0,0,0,0,0,0.0034,0.0041,0,0,0,0,,,,0.0293,0.0271,0,87.67,0.001,3.3734,0.0333,0.0043,0.4518,0,0,0,0,0,0,0,0,0,0,0,0.0413,31.723,2.7649,34.8872,20.201,44.2694,22.0891,170.3666,0.0368,0,2.5067,0.0011,0.0481,0.0214,0.0165,0.0065,2.2104,0,1.1766,3.8318,0.1317,0.0033,2.1088,0.0473,0.0156,0.0127,252.1388,171.0341,213.5187,2639.2201,41.6123,0.0472,0.0276,0.1082,0.7457,0.2963,0.0274,0.0446,0.2303,0.0313,0.122,0.2497,0.122,0.2973,0.1059,0.0821,0,0,0,7.2355,0.2133,3.2503,11.4268,0.0346,2.9277,0,8.0506,6.5351,0,0,0,0,0,0,0.0775,1.5754,7.9707,0.3004,3.6504,13.0936,1.5754,1.4517,11.5057,0.2506,5.4564,0,9.5508,30.3227,,,0,0.0319,0.0199,0.0128,0.0227,0.0244,0.0324,0.0452,0.0262,1.2595,0.0012,,0.0175,0.0053,43.4399,0.0135,268.4729,0,0.0051,0.0042,0.0032,0.0028,0,0,0,0,0,0,0,0.0012,0.0016,0,0,0,0,,,,0.0068,0.0086,0,25.738,0.0004,1.0471,0.011,0.0014,0.1493,0,0,0,0,0,0,0,0,0,0,0,0.0135,11.4372,0.8707,7.1553,2.2253,5.6121,2.7014,45.2295,14.1805,0,8.0855,2.9429,9.92,618.1253,326.7016,1.9827,3.5295,0,55.3285,2.5616,4.2737,1.0257,3.575,1.36,3.4417,6.6412,16.3817,122.1991,5.5991,11.6714,3.397,4.8812,3.2537,51.2658,58.7124,3.4885,0.6987,0.6306,0.6176,0.9115,0.6244,1.1444,0.2797,0.1628,0,0,0,5.7604,5.9465,8.2535,5.0114,12.4915,6.749,0,4.0473,14.2191,0,0,0,0,0,0,4.9408,426.1331,7.7317,10.3046,10.8175,175.0986,29.2258,18.0259,5.2874,88.9624,12.6757,0,4.8355,172.4842,0,303.4483,47.2063,0,55.4944,323.6414,58.606,465.445,318.4885,50.5822,2.6169,,2.578,1.7044,7.9409,24.9608,10.362,0,0,0,0,0,0,0,0,0,0,0,0,28.3333,0,0,0,0,0,,,,6.3419,2.927,0,12.4874,0.1055,5.7033,5.5756,0.4372,7.2655,0,0,0,0,0,0,0,0,0,0,0,1.8115,3.1487,7.2038,0.1096,0.0078,0.0026,7.116,0.7219,402.302,79.808,0.5695,9.06,0.87,0.2199,4.5084,0.3167,78.889,2.252,1.0901,0.9518,0.1454,0.0332,15.2751,264.47,0.8296,5.26,0.1654,2.1391,0.0644,1.9889,19.932,533.9782,2.3725,7.79,0.2836,2.7729,0.1052,1.4589,11.9549,,,,,0.5041,0.0082,0.0028,1.6361,0.0256,0.0189,0.006,73.8657,-1
Wafer-570,2895.71,2573.59,2173.6444,1458.7176,0.8811,100,101.5667,0.1258,1.5477,0.0197,0.0057,0.9477,203.3511,0,8.286,411.3554,12.4774,0.9596,190.8736,12.5494,1.3982,-6506.5,2952.75,-5834.5,1330.75,0.9722,1.8885,5.064,70.7111,2.5889,0.1882,4.6574,84.8892,8.7418,50.2052,63.9238,49.7948,66.3572,86.5759,118.7802,78.11,2.508,70,356.6909,9.8708,138.7727,734.6234,0.8981,133.8727,1,629.3364,115.3544,0,4.584,4.829,2858,0.9265,0.9493,4.5501,0.7064,353.7227,10.4892,119.4791,13.5055,19.2936,23.9262,710.6973,0.9829,142.6291,1,615.8309,102.1906,154.3094,461.5215,0,-0.0067,-0.0436,-0.0278,-0.0453,-0.011,0.007,-0.0015,0.0686,7.1112,0.13,,2.4299,0.9681,1843.4549,0.1993,8625.34,0.0015,-0.0011,-0.0012,0,0,0.0309,0,-0.257,0.0446,0.0003,-0.0001,0.0217,-0.0096,-0.0006,0.0011,0.0012,0.0374,-0.0396,,,,0.4673,0.9478,0,742.4278,0.9913,58.9724,0.6097,0.976,6.3205,15.91,4.392,15.94,15.89,1.239,2.453,0.6586,2.91,-0.5204,0.7586,0.9981,2.2967,1003.0211,38.9026,126,110.9,71.7,54.3,279.73,0.1797,0,4.93,0.0031,0.1223,0.0455,0.0648,0.0265,11.1306,0,7.477,15.303,1.3777,0.0184,10.4612,0.21,0.0622,,,109,662,8439,80,0.082,0.061,0.077,3.1,1,0.085,0.065,0.7804,0.0723,0.2949,0.5351,0.2949,0.6215,0.2064,0.939,0,0,22.6,0.766,13.26,41.276,0.1052,11.56,0,25.84,19.702,0,0,0,0,0,0,0.55,6.68,20.5,0.375,12.85,23.23,6.68,6.956,37.96,0.1679,9.65,0,23.23,75.281,0,0.0574,0.0614,0.0557,0.1143,0.0253,0.1345,0.1015,0.1025,3.7195,0.0031,,0.0335,0.0106,93.9828,0.0484,2803.1001,0,0.0109,0.0108,0,0,0,0,0,0,0,0,0,0.0042,0.0047,0,0,0,0,,,,0.09,0.0147,0,279.0726,0.0006,2.9372,0.0251,0.0059,0.5907,0,0,0,0,0,0,0,0,0,0,0,0.0334,33.747,4.0302,33.5499,35.3244,22.2489,19.0958,86.9801,0.0592,0,1.6178,0.0009,0.0383,0.0133,0.0193,0.0087,3.5431,0,2.316,3.8064,0.4849,0.0061,3.4124,0.0513,0.0201,,,45.0518,304.0114,4089.9877,37.8891,0.037,0.0256,0.0326,1.0493,0.3018,0.034,0.0237,0.2832,0.0307,0.1146,0.1955,0.1146,0.2231,0.0885,0.4092,0,0,0,7.5293,0.2991,3.5059,11.855,0.0353,3.9207,0,7.7596,6.5887,0,0,0,0,0,0,0.105,2.3447,6.4763,0.125,3.686,11.1681,2.3447,2.4156,12.0488,0.0554,2.9977,0,7.2507,24.8461,6.4229,2.3529,0,0.0179,0.0288,0.0229,0.0534,0.0078,0.0616,0.0554,0.0579,1.2884,0.0009,,0.0104,0.0036,32.6672,0.0148,911.8566,0,0.0032,0.0034,0.0024,0.0022,0,0,0,0,0,0,0,0.0014,0.0015,0,0,0,0,,,,0.0222,0.0046,0,89.9767,0.0002,0.7749,0.0089,0.0018,0.1911,0,0,0,0,0,0,0,0,0,0,0,0.012,13.4011,1.3131,5.678,3.8298,2.786,2.4981,19.1764,20.3935,0,4.854,2.4633,7.9019,230.4527,0,2.7947,5.4736,0,90.2365,3.7201,11.0415,1.9224,5.4807,1.6734,4.4471,1.6752,22.4198,144.6396,6.0116,8.434,3.2301,1.5205,4.384,38.6266,45.1594,1.3956,0.9193,0.8275,0.5874,0.8371,0.5922,0.9366,0.2384,0.7905,0,0,0,6.336,7.7603,9.5552,5.6187,11.715,8.6351,0,4.1059,17.0795,0,0,0,0,0,0,12.0877,945.6885,5.7955,3.5751,10.755,172.0042,34.6228,29.0727,5.3412,17.0803,6.7658,0,3.7721,73.6672,0,863.1579,140.9874,200.7207,252.3179,230.2617,0,0,149.4169,52.3046,2.3844,,1.3767,1.09,5.0982,24.2977,32.4984,0,953.0055,939.1304,0,0,0,0,0,0,0,0,0,43.5233,783.3333,0,0,0,0,,,,19.2675,1.553,0,37.5892,0.0631,4.9806,4.1223,0.6061,9.3454,0,0,0,0,0,0,0,0,0,0,0,1.4539,3.3645,10.3597,0.1096,0.0078,0.0026,7.116,,,,,,,,,,,,,0.9561,0.4571,0.1025,47.815,264.272,0.5671,4.98,0.0877,2.0902,0.0382,1.8844,15.4662,535.0918,2.0927,6.36,0.2646,2.3244,0.0753,1.1886,12.6428,,,,,0.5018,0.0101,0.0028,2.0162,0.0256,0.0189,0.006,73.8657,-1
Wafer-571,2960.54,2508.09,2164.3,1031.4032,1.3626,100,102.1322,0.1242,1.3698,0.0141,0.004,0.9695,198.2963,0,8.7521,402.1171,10.3059,0.9748,187.9905,12.4673,1.4103,-5761,2714,-4135.5,-2214,1.309,2.0315,7.47,68.5556,2.4667,0.2054,3.3956,85.4112,8.6005,50.4016,64.0546,49.5984,66.1606,86.6618,119.239,77.69,0.5442,70,374.8218,9.8343,128.8464,740.155,0.9389,138.6082,1,642.2764,118.6897,0,4.661,4.9,2887,0.9194,0.9512,4.4582,2.6873,369.9145,10.6495,111.5336,15.4246,17.3127,21.6739,718.4811,1.0023,145.4036,1,626.8518,98.6581,159.2078,467.644,0,0.0138,0.0096,-0.0038,-0.0448,0.005,0.0039,-0.0146,0.035,8.1007,0.1264,,2.4048,0.9852,1784.2011,0.1939,8832.1702,-0.2086,0.002,-0.0029,0.0002,0.0001,-0.3197,0,1.0332,-0.0763,-0.0006,0.0005,0.0804,-0.0149,0.001,-0.002,0.0029,-0.1111,-0.1346,,,,0.4753,0.9607,0,758.5839,0.9912,57.6372,0.6014,0.9636,6.4319,15.85,3.23,15.87,15.83,0.9271,2.703,0.511,3.118,0.7569,0.7677,0.9992,2.3503,1002.8717,35.9936,125,103,65.7,45.7002,230.117,0.1287,0,6.83,0.0043,0.124,0.0476,0.0486,0.0128,7.8517,0,4.997,6.088,0.3362,0.0094,7.6553,0.21,0.0719,,,404,460,2684,1000,0.209,0.074,0.206,1.8,1,0.248,0.614,0.9607,0.1188,0.2887,0.5322,0.2887,0.7379,0.268,0.215,0,0,16.05,0.665,13.53,16.434,0.1263,4.25,0,13.98,18.857,0,0,0,0,0,0,0.098,5.99,16.68,0.3,10.03,11.88,5.99,9.108,20.327,0.1961,5.27,0,11.88,81.371,0,0.0654,0.053,0.0271,0.0864,0.0594,0.0681,0.1016,0.1327,3.1621,0.0026,,0.0807,0.0016,116.1683,0.0397,615.5,0,0.0273,0.0232,0,0,0,0,0,0,0,0,0,0.0072,0.0047,0,0,0,0,,,,0.2386,0.0082,0,71.2469,0.0005,2.5416,0.0418,0.0302,0.5981,0,0,0,0,0,0,0,0,0,0,0,0.034,35.62,2.8805,30.2593,30.9696,21.5526,17.463,86.4589,0.0401,0,2.5113,0.0012,0.0427,0.0147,0.0139,0.004,2.2943,0,1.5209,1.9294,0.0992,0.0031,2.2381,0.0498,0.0281,,,172.814,221.686,1202.5774,522.7472,0.0894,0.0353,0.0978,0.6064,0.3708,0.0689,0.2302,0.3688,0.0459,0.1115,0.1947,0.1115,0.2979,0.1072,0.0868,0,0,0,5.2869,0.1779,4.1665,4.7008,0.0309,1.053,0,3.5753,5.2064,0,0,0,0,0,0,0.0263,1.9307,4.8135,0.0982,2.7349,6.7951,1.9307,2.876,5.9527,0.0586,1.6555,0,3.4403,26.8506,3.1953,3.0337,0,0.0168,0.0257,0.0111,0.0394,0.0147,0.0317,0.0538,0.0716,1.0077,0.0008,,0.0252,0.0005,41.4879,0.0149,237.9893,0,0.0074,0.0072,0.0058,0.0042,0,0,0,0,0,0,0,0.0023,0.0017,0,0,0,0,,,,0.0596,0.0031,0,27.1002,0.0002,0.7708,0.0127,0.0092,0.1974,0,0,0,0,0,0,0,0,0,0,0,0.0117,12.1852,1.0482,5.7018,3.4791,2.6195,2.1115,22.3111,9.4461,0,6.6874,3.4632,9.0522,336.5444,0,1.3187,3.9596,0,57.0949,1.514,3.262,0.9634,4.0722,1.6844,5.0995,7.0127,16.9492,64.9015,45.1671,15.9664,3.6426,2.7577,2.6256,40.5405,120.7139,18.0825,1.1248,1.3818,0.5728,0.8309,0.5821,1.1153,0.3092,0.1803,0,0,0,4.282,6.7621,10.5009,2.2203,13.4512,3.0662,0,2.1766,15.8877,0,0,0,0,0,0,2.1982,222.9026,4.5091,2.817,8.9928,77.02,34.5988,42.0228,2.8292,19.5607,3.6244,0,1.8952,82.4778,0,474.3427,550.6494,708.4967,192.8571,0,0,693.5154,379.4139,39.0351,2.057,,3.3547,0.1622,6.5109,20.4528,6.9688,0,0,791.4712,0,0,0,0,0,0,0,0,0,48.4441,458.5366,0,0,0,0,,,,50.1942,0.8521,0,9.3921,0.0535,4.4097,6.9451,3.1308,9.2994,0,0,0,0,0,0,0,0,0,0,0,1.4455,3.5518,8.0028,0.1096,0.0078,0.0026,7.116,,,,,,,,,,,,,0.964,0.2003,0.0413,20.7785,,,,,,,,,533.5309,1.994,8.01,0.2626,2.8603,0.0772,1.5013,13.1687,0.0225,0.0193,0.0057,85.7175,0.5018,0.0324,0.0063,6.4503,0.0225,0.0193,0.0057,85.7175,-1
Wafer-572,3040.1,2369.95,2201.8222,1288.0857,1.6769,100,95.9789,0.1209,1.4542,-0.0002,-0.0007,0.9585,202.0761,0,7.8831,417.1031,9.5423,0.9561,192.5337,12.4469,1.416,-5518.75,2820.25,-3927.75,-494.25,1.2617,1.997,7.3397,69.5889,2.4111,0.191,3.3383,86.4465,8.6527,50.215,63.9211,49.785,66.1517,86.9642,118.102,77.24,2.914,70,362.2991,10.0689,131.1955,735.719,1.3371,143.6809,1,637.1755,200.8532,0,4.633,4.886,2866,0.9227,0.9481,4.6862,15.3073,360.1136,10.7922,106.5027,25.3082,24.6927,33.4962,702.2228,1.0772,145.2509,1,611.8673,94.6665,,,0,0.0154,-0.0538,0.0002,-0.0795,0.0023,-0.1012,-0.0061,-0.0311,7.185,0.1291,,2.391,0.9876,1846.8055,0.1975,9105.23,0.0538,0.001,0,0,0,0.0341,0,-0.0561,0.0251,0,0,-0.0608,-0.0109,-0.0003,-0.001,0.0001,0.0406,-0.0089,,,,0.4565,0.9491,0,786.812,0.9904,58.6987,0.6024,0.966,6.3219,15.95,4.41,16.01,15.97,1.447,2.875,0.6809,3.118,-0.5204,0.7232,0.9961,2.2771,1007.4808,38.3809,110,223.4,196.9,59.2,532.019,0.2062,0,8.3,0.0046,0.091,0.0299,0.0471,0.0282,8.6524,0,6.094,7.747,0.9678,0.0229,7.6846,0.49,0.0386,,,436,782,1882,1362,0.208,0.086,0.349,2.9,0.9,0.144,0.261,1.026,0.1637,0.2871,0.489,0.2871,0.8246,0.2952,0.232,0,0,21.32,0.477,9.81,35.723,0.099,5.92,0,20.8,83.26,0,0,0,0,0,0,0.275,5.75,24.95,0.355,5.3,19.98,5.75,5.893,30.257,0.096,8.69,0,19.98,38.622,0,0.079,0.0419,0.0926,0.0389,0.0386,0.1185,0.0782,0.047,3.5486,0.0017,,0.0568,0.0017,118.2354,0.0913,1442.2998,0,0.0086,0.0155,0,0,0,0,0,0,0,0,0,0.0076,0.0044,0,0,0,0,,,,0.0178,0.0207,0,155.4211,0.0012,2.102,0.0215,0.0241,0.5829,0,0,0,0,0,0,0,0,0,0,0,0.0413,31.723,2.7649,28.0674,77.0627,66.8272,20.4963,153.1415,0.0758,0,2.5903,0.0014,0.0353,0.0108,0.0136,0.0097,3.0805,0,2.0166,2.7121,0.2596,0.008,2.862,0.1635,0.0121,,,186.3999,333.294,851.7446,626.4739,0.0896,0.0415,0.1533,1.047,0.318,0.0483,0.0778,0.3774,0.0609,0.1094,0.1862,0.1094,0.3229,0.1092,0.0915,0,0,0,6.1786,0.1459,2.6354,10.7514,0.0348,1.7877,0,6.6927,21.9803,0,0,0,0,0,0,0.0823,1.5453,7.5694,0.1014,1.4689,10.5928,1.5453,1.649,9.9019,0.0283,2.8216,0,6.1375,12.4622,,,0,0.0232,0.0182,0.0404,0.0173,0.01,0.0606,0.0347,0.0228,1.4479,0.0006,,0.0201,0.0005,40.3438,0.0253,396.4935,0,0.0025,0.0044,0.0019,0.0025,0,0,0,0,0,0,0,0.0029,0.0014,0,0,0,0,,,,0.0046,0.0063,0,43.5926,0.0004,0.6175,0.0076,0.0078,0.1888,0,0,0,0,0,0,0,0,0,0,0,0.0135,11.4372,0.8707,4.7214,7.3484,8.3082,2.6887,41.3031,12.2969,0,8.6477,3.8045,6.2578,0,0,2.9437,4.2817,0,77.3047,1.8573,10.1425,2.3983,3.9913,3.9367,2.7231,7.9003,27.728,47.9155,275.569,16.485,4.3065,4.7549,4.1673,37.3272,75.3927,7.8183,1.1869,1.8918,0.5717,0.765,0.5767,1.2465,0.3395,0.1964,0,0,0,5.8846,4.7374,7.4774,4.8555,7.4045,4.1202,0,3.2644,41.4532,0,0,0,0,0,0,5.8683,37.5638,6.9284,3.2894,4.9764,78.9466,23.2862,17.5931,4.3087,8.909,5.9828,0,3.2654,40.7979,0,512.3632,77.9172,0,48.9001,0,117.1238,0,151.004,49.3885,1.3169,,2.3769,0.1673,6.4022,46.2333,15.8403,0,887.7419,0,0,0,0,0,0,0,0,0,0,69.8851,0,0,0,0,0,,,,3.8888,2.1816,0,19.7533,0.1225,3.581,3.5659,2.4992,9.2207,0,0,0,0,0,0,0,0,0,0,0,1.8115,3.1487,7.2038,0.1096,0.0078,0.0026,7.116,,,,,,,,,,,,,0.959,0.2813,0.0604,29.3353,,,,,,,,,529.7309,2.2346,7.52,0.5424,2.7061,0.1565,1.4196,24.2733,,,,,0.5003,0.0101,0.0026,2.0141,0.0225,0.0193,0.0057,85.7175,1
Wafer-573,2974.2,2449.16,2231.4889,1275.3021,1.6787,100,94.1256,0.1193,1.4868,-0.0089,0.0142,0.9639,199.8698,0,13.3652,408.6785,9.9121,0.9659,189.9577,12.5553,1.3836,-5160.25,2737.25,-3411.5,-856.3333,1.2765,2.0042,7.3805,68.2667,1.9,0.178,3.3717,84.6614,8.7994,50.3964,64.1107,49.6036,66.1349,86.7297,118.921,2.332,0.9273,70,357.1627,10.0136,138.1718,738.4097,1.3551,141.8982,1,637.2327,201.0551,0,4.588,4.834,2857,0.9261,0.949,4.5454,7.9755,360.7555,9.9771,126.1473,10.7691,12.0245,17.5921,720.8176,0.9305,139.5609,1,626.4636,110.0147,157.9596,468.504,0,0.0163,-0.033,-0.005,-0.051,-0.0117,0.02,0.0002,-0.0081,7.9512,0.1287,,2.4611,0.989,1780.4264,0.1887,8942.8202,-0.0334,0.001,0.0008,0.0001,0,-0.0685,0,0.1626,0.0419,0,0.0001,-0.056,-0.01,-0.0006,-0.001,-0.0007,-0.0375,0.0132,,,,0.452,0.9374,0,782.1142,0.9905,58.4725,0.5926,0.9668,6.433,15.92,4.567,15.99,15.99,1.338,2.803,0.6982,3.019,0.2365,0.7287,0.9959,2.2728,1008.7232,39.0136,141,47.9,65.9,59.8,571.627,0.2084,0,7.57,0.0043,0.1134,0.0487,0.0628,0.0163,9.4192,0,11.687,14.727,1.1027,0.0133,8.4959,0.2,0.0621,,,1553,384,277,17057,0.105,0.089,0.139,2.6,1.3,0.083,0.397,0.7141,0.0833,0.3421,0.4138,0.3421,0.7448,0.2588,0.354,0,0,20.4,0.647,14.26,39.227,0.123,10.95,0,21.19,39.407,0,0,0,0,0,0,0.254,6.03,18.01,1.009,11.31,19.31,6.03,5.824,35.127,0.1685,5.98,0,19.31,90.668,0,0.0614,0.0423,0.0389,0.032,0.08,0.0916,0.0966,0.0688,2.3973,0.0027,,0.0648,0.0026,120.6185,0.0282,694.0996,0,0.0145,0.0135,0,0,0,0,0,0,0,0,0,0.005,0.0046,0,0,0,0,,,,0.0309,0.0251,0,69.5342,0.0012,2.0473,0.0248,0.0186,0.4508,0,0,0,0,0,0,0,0,0,0,0,0.0322,30.558,5.223,36.8516,18.0264,22.3384,20.9075,177.4546,0.0771,0,2.7579,0.0013,0.0405,0.014,0.0142,0.0053,2.7966,0,4.246,4.1153,0.2965,0.0044,2.5359,0.0511,0.0195,,,679.0672,165.1007,133.6176,8569.9133,0.0483,0.0365,0.058,0.7937,0.4123,0.0345,0.131,0.2553,0.0341,0.1415,0.1585,0.1415,0.2867,0.108,0.1505,0,0,0,6.0237,0.2363,3.8337,11.7483,0.0359,3.4445,0,6.5218,11.8872,0,0,0,0,0,0,0.0807,1.7716,5.8919,0.3324,3.2966,9.6356,1.7716,1.8354,10.6198,0.051,2.1747,0,6.3651,30.0997,5.4016,3.5928,0,0.015,0.0189,0.0169,0.0147,0.0186,0.0444,0.0521,0.0315,0.8013,0.0007,,0.0179,0.0008,42.0553,0.0088,215.3203,0,0.0037,0.0039,0.0022,0.0011,0,0,0,0,0,0,0,0.0016,0.0014,0,0,0,0,,,,0.0084,0.0069,0,22.7704,0.0004,0.7138,0.0086,0.0064,0.1479,0,0,0,0,0,0,0,0,0,0,0,0.0106,11.6371,1.8206,6.2522,1.6105,2.6907,2.6798,44.8229,12.4168,0,8.0424,3.6045,7.6272,545.2764,442.2535,1.6904,4.7127,0,87.4436,3.6036,11.1251,1.3788,4.4725,1.593,4.4883,30.0954,14.0287,8.1196,0,8.2256,4.4406,1.8833,3.8086,68.4211,46.6292,11.7746,0.8435,0.9462,0.6788,0.6454,0.6897,1.1262,0.2984,0.2977,0,0,0,5.7117,6.4612,10.3205,5.3124,9.0737,7.7168,0,3.3253,19.6001,0,0,0,0,0,0,5.588,75.607,4.9923,10.1132,8.9657,179.3101,50.1474,33.1058,4.8732,18.1052,4.2849,0,3.0824,82.4144,0,376.9762,128.279,774.1294,62.7144,686.6953,458,0,846.7692,30.1504,2.0986,,2.634,0.2672,6.7747,14.9578,7.7615,0,0,0,0,0,0,0,0,0,0,0,0,50.1253,817.7778,0,0,0,0,,,,6.8467,2.6796,0,8.8905,0.123,3.5013,4.1916,1.9222,7.0083,0,0,0,0,0,0,0,0,0,0,0,1.4182,3.0294,13.3877,0.1096,0.0078,0.0026,7.116,1.179,410.256,79.988,0.8032,16.31,1.56,0.3051,6.8231,0.5643,68.1248,3.9756,1.9503,1.0364,0.7563,0.2042,72.9703,,,,,,,,,538.0664,2.1359,8.23,0.2947,2.7525,0.0861,1.5295,13.7972,,,,,0.4936,0.015,0.0036,3.0343,0.0225,0.0193,0.0057,85.7175,-1
Wafer-574,3114.92,2574.48,2200.0666,1012.6747,1.3954,100,103.0644,0.1212,1.4207,0.0101,-0.0269,0.9775,197.8585,0,3.8788,418.7713,9.4828,0.9719,188.3758,12.4871,1.3972,-5542.5,2474,-4525,-8634,1.292,1.9823,7.2735,71.9556,2.4556,0.1799,3.3932,83.7738,8.6427,50.1799,64.2704,49.8202,66.3237,86.575,118.5748,78,2.473,70,353.9218,10.3573,130.8364,731.4614,1.3446,148.5182,1,633.2764,211.6048,0,4.627,4.861,2873,0.9362,0.9519,4.5591,-0.6591,354.8973,10.8202,110.1773,20.3755,20.6591,25.2563,706.2051,1.6711,147.8264,1,612.9009,21.4332,149.0056,463.8954,0,0.022,-0.026,-0.0298,-0.0279,-0.0116,-0.0208,-0.0154,0.0279,7.6901,0.1343,,2.4373,0.9872,1743.7116,0.1942,8878.8499,0.215,0.0018,0.0002,0.0001,0.0002,-0.1954,0,-0.0662,-0.013,0.0007,0,-0.2913,-0.0022,0.0002,-0.0019,-0.0001,0.1703,-0.0056,,,,,0.9627,0,770.7664,0.9914,59.1388,0.5923,0.9639,6.3576,15.92,2.951,15.94,15.94,0.8845,2.748,0.4559,3.246,-0.1419,0.808,0.9989,2.3289,1006.5471,37.3966,142,175.4,151.2,47.5,281.316,0.255,0,7.63,0.0054,0.1254,0.1408,0.1156,0.0058,5.1089,0,2.643,5.477,0.8436,0.007,4.2653,0.27,0.0353,,,588,304,3478,8149,0.122,0.108,0.136,1.5,1.5,0.157,0.584,0.7606,0.1471,0.3331,0.661,0.3331,0.5729,0.2231,0.963,0,0,19.97,0.223,9.64,22.887,0.2088,5.33,0,18.51,49.747,0,0,0,0,0,0,0.203,10.46,15.16,0.503,9.95,25.42,10.46,9.328,26.025,0.283,10.83,0,25.42,6.571,0,0.0977,0.0342,0.0328,0.0476,0.0804,0.0965,0.096,0.0723,5.3792,0.0041,,0.0384,0.0021,93.0518,0.0373,723.1992,0,0.0354,0.0588,0,0,0,0,0,0,0,0,0,0.0054,0.0044,0,0,0,0,,,,,0.0069,0,55.2678,0.0008,2.8738,0.0254,0.0202,0.3973,0,0,0,0,0,0,0,0,0,0,0,0.0342,26.453,3.8882,36.5376,60.7993,48.1044,16.5205,94.6441,0.083,0,2.5731,0.0015,0.0398,0.0419,0.0331,0.0018,1.6797,0,0.9761,1.8662,0.2271,0.0025,1.4737,0.0784,0.0122,,,248.4371,138.6675,1596.8834,3385.5921,0.0505,0.0534,0.0579,0.4799,0.4362,0.0482,0.1966,0.2974,0.0545,0.1446,0.2428,0.1446,0.2343,0.0852,0.408,0,0,0,6.3488,0.0744,2.9966,6.3446,0.0633,1.8224,0,5.6186,18.1244,0,0,0,0,0,0,0.065,3.056,4.6097,0.1376,3.4491,8.746,3.056,3.1274,8.7059,0.0793,3.4319,0,6.6531,2.056,12.1717,9.8894,0,0.0236,0.0171,0.0141,0.0205,0.0236,0.0452,0.0517,0.0336,1.6194,0.0011,,0.0121,0.0009,27.7965,0.0103,198.3412,0,0.0083,0.0121,0.0052,0.0078,0,0,0,0,0,0,0,0.0018,0.0016,0,0,0,0,,,,,0.0024,0,17.7345,0.0003,0.7325,0.0075,0.0076,0.1377,0,0,0,0,0,0,0,0,0,0,0,0.0117,8.9689,1.3096,6.521,5.631,5.873,2.159,27.7795,18.2747,0,7.4031,4.4537,8.8268,0,430.2396,0.5887,2.5821,0,68.1393,1.3079,8.8962,0.7233,2.2643,2.1622,2.5229,10.6089,12.2878,76.8619,94.3827,9.4427,5.4484,1.8698,2.0846,61.086,87.2761,17.2108,0.9079,1.7021,0.6638,1.0285,0.6686,0.8638,0.2577,0.8121,0,0,0,5.6425,2.1531,7.368,3.1289,15.5284,3.5888,0,2.9229,23.5094,0,0,0,0,0,0,4.4526,0,4.2717,4.6487,9.0309,124.7578,50.6315,36.9334,3.6852,16.9341,7.3262,0,4.1475,30.6581,0,444.0909,131.7919,109.9749,170.4566,691.2413,463.9423,625.4072,259.3722,69.9491,3.0526,,1.5775,0.2138,5.3364,19.178,8.1452,0,0,0,0,0,0,0,0,0,0,0,0,249.711,0,0,0,0,0,,,,,0.7189,0,7.1705,0.0783,4.8595,4.2926,2.0917,6.2498,0,0,0,0,0,0,0,0,0,0,0,1.4685,2.6281,10.3972,0.1096,0.0078,0.0026,7.116,1.0352,405.636,82.732,1.0933,16.84,1.24,0.4319,8.0512,0.5621,105.6131,4.1515,1.4988,0.9518,0.1031,0.0253,10.8294,,,,,,,,,528.7891,2.0351,11.15,0.2917,3.9746,0.0862,2.1086,14.3355,0.0199,0.0159,0.0048,79.7752,0.5043,0.0128,0.0038,2.5373,0.0199,0.0159,0.0048,79.7752,-1
Wafer-575,2937.63,2499.72,2200.0666,1012.6747,1.3954,100,103.0644,0.1212,1.3946,-0.0019,0.0094,0.9645,200.8398,0,4.0524,411.7162,9.7651,0.9693,191.0747,12.4618,1.4061,-6484,2869.75,-3771.5,1072.75,0.9802,1.882,5.102,71.6667,0.9889,0.081,4.6669,83.768,8.6895,50.3162,64.1715,49.6838,66.243,86.7411,118.3654,14.67,5.431,70,362.1282,9.535,139.4136,740.4455,1.2603,137.5664,1,639.1082,202.1435,0,4.622,4.872,2846,0.9258,0.9487,4.5448,-2.4609,359.48,10.2282,116.9527,19.1455,22.4609,31.4439,709.0015,0.8584,143.53,1,619.9627,65.832,,,0,-0.0007,-0.0667,-0.0673,-0.0442,-0.0153,-0.08,-0.0207,-0.0004,7.1841,0.1305,,2.4392,0.9889,1728.3442,0.1515,9400.2201,-0.0574,0.0005,0.0015,-0.0001,0,0.1072,0,-0.0753,0.013,-0.0002,0,0.0673,-0.0092,-0.0002,-0.0005,-0.0015,0.1763,0.1118,,,,0.467,0.935,0,817.635,0.9911,57.3716,0.6021,0.9635,6.3393,15.92,2.951,15.94,15.94,0.8845,2.748,0.4559,3.246,-0.1419,0.808,0.9989,2.3289,1006.5471,37.3966,143,99.3,131.1,47.5,281.316,0.255,0,7.63,0.0054,0.1326,0.1109,0.0907,0.0108,5.2034,0,1.905,5.811,0.4635,0.0082,5.0436,0.66,0.0403,,,361,572,3883,178,0.07,0.053,0.094,4.8,0.6,0.054,0.122,0.4486,0.0942,0.3543,0.5136,0.3543,0.4616,0.2063,0.883,0,0,18.1,0.303,10.09,32.704,0.1356,4.71,0,21.07,57.704,0,0,0,0,0,0,0.256,4.27,15.86,0.683,9.34,21.91,4.27,11.761,32.75,0.2503,6.16,0,21.91,61.023,0,0.0623,0.0677,0.0528,0.0399,0.5064,0.1029,0.1117,0.0602,3.1334,0.0027,,0.0491,0.002,211.9427,0.0434,762.5996,0,0.0269,0.0195,0,0,0,0,0,0,0,0,0,0.0061,0.0032,0,0,0,0,,,,0.0189,0.015,0,65.1989,0.0007,1.2183,0.0282,0.0235,0.4259,0,0,0,0,0,0,0,0,0,0,0,0.0342,26.453,3.8882,27.7474,34.057,43.9601,16.5205,94.6441,0.083,0,2.5731,0.0015,0.04,0.0244,0.0229,0.0036,1.9709,0,0.602,1.8451,0.1373,0.0028,1.8633,0.106,0.0145,,,173.8294,271.4693,1824.177,75.3586,0.031,0.0251,0.051,1.4586,0.1691,0.0167,0.0416,0.1849,0.0379,0.1536,0.2002,0.1536,0.1809,0.0734,0.3885,0,0,0,5.8028,0.0857,2.77,9.3562,0.0458,1.416,0,6.4277,20.3546,0,0,0,0,0,0,0.087,1.3776,5.2889,0.1992,2.5074,8.9302,1.3776,2.9809,9.3427,0.0783,2.0431,0,6.8389,18.7789,,,0,0.0206,0.0304,0.0242,0.0205,0.115,0.0549,0.0541,0.0289,1.011,0.001,,0.0176,0.0007,62.8106,0.0147,239.1052,0,0.0067,0.0046,0.0033,0.0016,0,0,0,0,0,0,0,0.0018,0.0011,0,0,0,0,,,,0.0062,0.0041,0,19.2763,0.0003,0.4106,0.0106,0.0071,0.1364,0,0,0,0,0,0,0,0,0,0,0,0.0117,8.9689,1.3096,6.48,3.3803,5.2446,2.159,27.7795,18.2747,0,7.4031,4.4537,9.5078,0,960.4236,1.1158,2.5908,0,47.0096,1.4114,4.7462,0.8458,2.6396,5.2962,2.8661,5.5676,19.932,102.9564,16.5929,7.141,2.8162,1.8424,6.6977,60.6742,66.6667,2.6142,0.5355,1.0842,0.7041,0.8004,0.7131,0.6968,0.2378,0.746,0,0,0,4.9982,3.1778,7.2375,4.4168,10.7575,3.4238,0,3.2968,28.546,0,0,0,0,0,0,5.6328,173.5131,4.4119,6.6776,7.9861,114.4395,19.0108,37.4032,4.6192,29.1631,4.2918,0,3.5341,92.695,0,0,101.5373,78.4547,90.2715,0,128.625,540.266,0,43.6154,2.0695,,2.0142,0.2043,12.2628,28.6251,8.1126,0,0,0,0,0,0,0,0,0,0,0,0,66.2144,0,0,0,0,0,,,,4.0574,1.6071,0,7.9741,0.0669,2.1234,4.6793,2.437,6.7189,0,0,0,0,0,0,0,0,0,0,0,1.4685,2.6281,10.3972,0.1096,0.0078,0.0026,7.116,0.5252,399.944,72.494,0.2759,16.34,0.88,0.1175,7.4767,0.3349,52.5305,4.0856,1.2139,0.9494,0.3106,0.0578,32.7151,,,,,,,,,533.1082,2.1742,9.65,0.2236,3.2382,0.0827,1.8101,10.2843,,,,,0.5012,0.0146,0.0033,2.9192,0.0199,0.0159,0.0048,79.7752,-1
Wafer-576,2943.9,2436.65,2173.4556,1433.6732,1.0304,100,110.5422,0.1245,1.4454,0.0046,0.0101,0.9564,200.2648,0,3.904,417.5085,10.4094,0.9588,189.8553,12.4753,1.4087,-6349.75,3112.5,-8718.6667,1522.5,0.965,1.8923,5.1143,67.9889,2.1,0.1518,4.6544,85.6608,9.5713,50.3999,64.1016,49.6001,66.437,86.8261,118.0156,64.39,2.501,70,359.7164,10.109,127.1136,723.9645,1.0788,140.2327,1,627.0627,48.5258,0,4.615,4.867,2863,0.9278,0.9482,4.759,1.8173,357.7709,10.6705,108.9309,13.2882,18.1827,24.3905,699.5741,1.0599,147.0727,1,613.7745,126.2237,149.5498,464.2247,0,0.0044,-0.0048,-0.0484,-0.0626,-0.0291,-0.0065,-0.0093,0.0498,7.9666,0.131,,2.4283,0.9715,1786.6951,0.1604,8639.07,0.0257,-0.0012,-0.0009,0.0006,-0.0004,-0.6375,0,1.075,0.106,0.0003,0.0005,-0.0785,-0.016,-0.0014,0.0012,0.0009,0.0088,-0.0496,,,,0.4648,0.9511,0,763.2943,0.9915,59.4203,0.6011,0.9626,6.4225,15.92,4.567,15.99,15.99,1.338,2.803,0.6982,3.019,0.2365,0.7287,0.9959,2.2728,1008.7232,39.0136,141,64.2,97.9,52.5,143.6,0.1972,0,4.15,0.0029,0.091,0.0392,0.0407,0.0257,6.0911,0,3.05,8.472,0.3458,0.0211,5.904,0.64,0.0343,,,361,633,5948,81,0.128,0.056,0.289,3.1,0.7,0.05,0.155,0.6791,0.1233,0.3812,0.6064,0.3812,0.799,0.2063,0.247,0,0,15.87,0.46,9.14,32.219,0.2222,10.13,0,17.16,34.3,0,0,0,0,0,0,0.274,7.69,19.59,0.441,6.59,20.87,7.69,5.455,29.897,0.1377,5.14,0,20.87,96.998,0,0.1533,0.1055,0.1038,0.1776,0.0928,0.1084,0.141,0.1216,2.9022,0.0019,,0.0597,0.0052,135.495,0.0392,914.6997,0,0.0974,0.0657,0,0,0,0,0,0,0,0,0,0.0081,0.0061,0,0,0,0,,,,0.0205,0.0154,0,90.2388,0.0003,3.4117,0.0289,0.02,0.415,0,0,0,0,0,0,0,0,0,0,0,0.0322,30.558,5.223,36.8516,24.5999,38.8136,18.7418,50.6681,0.0784,0,1.6246,0.0007,0.0315,0.0111,0.0107,0.0085,2.0779,0,1.1139,2.3394,0.1032,0.007,2.0046,0.1819,0.0119,,,172.5985,295.7617,3129.43,34.7419,0.053,0.026,0.1392,1.0659,0.2598,0.0187,0.05,0.254,0.0553,0.1579,0.2329,0.1579,0.3151,0.0801,0.0956,0,0,0,6.0042,0.1619,2.5433,9.9673,0.0684,3.1554,0,5.0625,9.0077,0,0,0,0,0,0,0.0848,1.9385,6.336,0.1277,1.9459,8.5625,1.9385,1.5816,9.364,0.0373,1.9383,0,6.2811,26.4971,5.7735,3.2801,0,0.0445,0.0489,0.053,0.0748,0.0295,0.0513,0.0593,0.0546,1.1819,0.0007,,0.0175,0.0018,46.4661,0.0119,300.5568,0,0.0319,0.0189,0.0319,0.0168,0,0,0,0,0,0,0,0.0027,0.0021,0,0,0,0,,,,0.0061,0.0055,0,30.019,0.0001,0.8981,0.0089,0.0059,0.1661,0,0,0,0,0,0,0,0,0,0,0,0.0106,11.6371,1.8206,6.2522,2.1808,4.0178,2.4155,10.0162,19.1426,0,3.7542,2.3289,6.2957,858.0027,404.221,2.6912,3.0415,0,78.125,2.0292,3.3223,2.2004,3.1097,5.1301,2.4314,5.6853,20.3373,68.2214,5.3202,13.2642,2.9594,5.6509,4.5596,33.3333,32.9429,3.3302,0.7928,1.2882,0.7564,0.946,0.7685,1.2026,0.2376,0.2093,0,0,0,4.4118,4.5504,7.1904,4.4504,20.6018,7.2237,0,2.7366,70.684,0,0,0,0,0,0,5.7575,423.1616,5.4756,4.1329,6.0497,157.0572,42.2929,22.3653,4.2736,12.9872,3.4949,0,3.4003,76.8461,0,0,0,214.6846,283.8194,319.2432,0,0,244.1767,36.4292,1.4499,,2.4585,0.531,7.5836,24.4368,10.5879,0,0,0,0,0,0,0,0,0,0,0,0,50.7439,428.0702,0,0,0,0,,,,4.4127,1.624,0,11.8223,0.0258,5.7416,4.8092,2.0763,6.4624,0,0,0,0,0,0,0,0,0,0,0,1.4182,3.0294,13.3877,0.1096,0.0078,0.0026,7.116,,,,,,,,,,,,,0.9772,0.228,0.0478,23.3263,265.908,0.6997,10.77,0.1282,4.3569,0.0534,4.0503,18.3243,532.2382,1.7897,10.51,0.1742,3.7497,0.0557,1.9747,9.7315,,,,,0.5049,0.0145,0.004,2.8671,0.0199,0.0159,0.0048,79.7752,1
Wafer-577,2985.38,2542.34,2200.0666,1012.6747,1.3954,100,103.0644,0.1212,1.4791,-0.0117,-0.0053,0.9614,197.9212,0,11.4399,421.4733,9.5986,0.9798,188.3226,12.4618,1.4059,-5750,2639.5,-4740.25,-2394.25,1.2592,1.9763,7.204,69.9111,2.7556,0.2393,3.3984,83.7738,8.6427,50.1799,64.2704,49.8202,66.3237,86.575,118.5748,78,2.473,70,355.4145,10.1997,140.1918,746.3839,1.3086,148.2836,1,643.89,191.642,0,4.65,4.902,2872,0.9334,0.9484,4.6031,-1.1391,358.1836,10.4996,119.0527,19.5291,21.1391,29.5723,716.8116,1.065,147.1245,1,624.3609,103.4205,160.432,463.9289,0,0.0212,-0.0346,-0.0143,-0.0347,0.0037,0.004,-0.0242,0.0171,7.1259,0.1348,,2.4254,0.9704,1783.0385,0.1848,8938.6898,-0.1083,0.0032,-0.0011,0,0,-0.0025,0,-0.2488,-0.0809,0.0004,-0.0001,0.1503,-0.0078,0.0011,-0.0032,0.001,-0.1508,-0.0356,,,,,0.9483,0,761.5121,0.9911,57.4779,0.6016,0.9778,6.3795,15.92,2.951,15.94,15.94,0.8845,2.748,0.4559,3.246,-0.1419,0.808,0.9989,2.3289,1006.5471,37.3966,112,196.9,119.5,47.5,281.316,0.255,0,7.63,0.0054,0.1347,0.1111,0.0845,0.1537,4.1435,0,4.806,15.555,0.9121,0.0076,3.9892,0.66,0.0627,,,596,279,3424,2656,0.098,0.129,0.263,1.9,1.6,0.119,0.627,0.7606,0.1471,0.3331,0.661,0.3331,0.5729,0.2231,0.963,0,0,17.57,0.145,7.95,25.129,0.2102,8.34,0,19.14,62.522,0,0,0,0,0,0,0.204,8.75,19.55,0.197,4.39,18.5,8.75,9.337,29.47,0.1335,4.95,0,18.5,80.281,0,0.0734,0.0323,0.0347,0.0634,0.0908,0.0792,0.094,0.078,4.7096,0.0043,,0.0287,0.0025,75.7468,0.045,481.2998,0,0.0239,0.0189,0,0,0,0,0,0,0,0,0,0.0054,0.0057,0,0,0,0,,,,,0.0198,0,53.963,0.0007,4.6757,0.0214,0.006,0.6173,0,0,0,0,0,0,0,0,0,0,0,0.0342,26.453,3.8882,32.9121,59.9192,46.9399,16.5205,94.6441,0.083,0,2.5731,0.0015,0.048,0.0296,0.0262,0.048,1.5351,0,1.8062,4.1892,0.2479,0.0022,1.3924,0.106,0.0236,,,256.2629,126.6715,1399.3461,1309.2772,0.0413,0.0561,0.1195,0.5798,0.5503,0.047,0.23,0.2974,0.0545,0.1446,0.2428,0.1446,0.2343,0.0852,0.408,0,0,0,5.7855,0.0436,2.3357,7.3476,0.0537,2.338,0,5.4969,20.4806,0,0,0,0,0,0,0.0619,2.4019,6.367,0.0564,1.4588,8.6943,2.4019,2.8359,8.8793,0.0405,1.6455,0,5.7918,22.9695,5.3586,1.6372,0,0.0204,0.0145,0.0162,0.0277,0.0212,0.0376,0.0525,0.0406,1.3912,0.0012,,0.0094,0.0008,21.9017,0.0144,156.4966,0,0.0063,0.0059,0.0032,0.0019,0,0,0,0,0,0,0,0.0018,0.0019,0,0,0,0,,,,,0.0059,0,16.8109,0.0002,1.4209,0.0069,0.0019,0.1969,0,0,0,0,0,0,0,0,0,0,0,0.0117,8.9689,1.3096,4.9997,6.5955,4.7004,2.159,27.7795,18.2747,0,7.4031,4.4537,9.1072,946.5389,0,15.9841,2.0935,0,42.0108,3.6906,9.5029,0.7797,2.1183,5.2962,4.4619,10.3652,10.5702,72.2325,110.9324,7.7824,6.5275,3.6507,2.7177,58.0645,49.7214,18.4496,0.9079,1.7021,0.6638,1.0285,0.6686,0.8638,0.2577,0.8121,0,0,0,4.9435,1.4216,5.6708,3.3668,16.063,5.6244,0,2.9726,32.6244,0,0,0,0,0,0,4.4318,768.1564,5.4581,1.8763,3.6874,94.7304,41.3925,31.5734,4.1113,12.5328,3.3645,0,2.963,77.6258,0,346.8399,93.4201,241.8118,182.446,0,0,389.234,456.8082,66.0915,3.1889,,1.1829,0.2554,4.2482,24.349,5.3845,0,746.875,0,0,0,0,0,0,0,0,0,0,69.12,524.1379,0,0,0,0,,,,,2.0885,0,7.0863,0.0722,8.1348,3.5615,0.6183,9.6757,0,0,0,0,0,0,0,0,0,0,0,1.4685,2.6281,10.3972,0.1096,0.0078,0.0026,7.116,1.1459,409.35,74.264,0.9857,17.89,1.11,0.3662,8.4751,0.4674,86.0229,4.3703,1.4947,0.9773,0.1882,0.0419,19.2616,250.78,0.6272,4.3,0.1238,1.8012,0.0493,1.7147,19.7392,535.1145,2.1058,8.9,0.4334,2.9554,0.1311,1.6632,20.5797,,,,,0.5029,0.0152,0.0037,3.0171,0.0199,0.0159,0.0048,79.7752,-1
Wafer-578,3032.07,2477.72,2172.4,1148.4101,1.2614,100,102.4522,0.1227,1.4444,-0.0014,0.0001,0.9773,197.8998,0,4.7449,421.7269,9.4879,0.9715,188.4119,12.4922,1.4073,-5613.5,2691,-4200,5075.25,1.2902,1.9527,7.2123,67.8444,1.8667,0.158,3.2901,85.2764,8.7219,50.1373,63.8842,49.8627,66.1097,86.5265,118.534,76.78,3.629,70,360.3255,9.6234,147.7218,748.2484,0.8144,130.05,1,638.0973,133.7496,0,4.61,4.869,2855,0.923,0.9466,4.5698,-4.1518,364.6027,9.6509,123.57,9.3529,24.1518,30.4891,717.7593,0.9024,142.9682,1,631.1409,86.7885,,,0,0.0094,-0.0777,-0.0086,-0.0369,0.0086,-0.0861,-0.0314,0.0325,6.6066,0.1283,,2.4439,0.9913,1725.4839,0.1657,8689.88,0.098,-0.0076,0.0041,0.0005,0.0001,-0.6788,0,1.6653,-0.0233,-0.0005,0.0008,-0.5353,-0.0097,0.0003,0.0076,-0.004,0.2478,-0.0931,,,,,0.9559,0,759.5307,0.9911,58.9603,0.5936,0.9756,6.2908,15.92,2.951,15.94,15.94,0.8845,2.748,0.4559,3.246,-0.1419,0.808,0.9989,2.3289,1006.5471,37.3966,129,170,140.3,50,256.652,0.2666,0,5.3,0.0039,0.0635,0.1156,0.1428,0.0058,4.7297,0,3.981,10.477,0.7842,0.0071,3.9455,0.46,0.0523,,,252,385,4480,2587,0.068,0.091,0.13,3.3,1.7,0.206,0.376,0.6535,0.1224,0.3036,0.6321,0.3036,0.6848,0.1488,1.003,0,0,17.26,0.254,9.32,38.621,0.1213,5.44,0,19.78,41.506,0,0,0,0,0,0,0.257,9.99,17.01,0.728,11,17.77,9.99,15.229,33.59,0.2565,17.13,0,25.06,94.168,0,0.0999,0.0876,0.0381,0.0554,0.0898,0.1035,0.0898,0.0973,4.3612,0.0016,,0.0486,0.0021,110.2527,0.0403,1091.3994,0,0.0699,0.1061,0,0,0,0,0,0,0,0,0,0.0071,0.0039,0,0,0,0,,,,,0.0188,0,102.3254,0.0008,2.4235,0.025,0.0052,0.6066,0,0,0,0,0,0,0,0,0,0,0,0.0342,26.453,3.8882,31.8096,54.5042,49.2861,19.8664,82.9934,0.0814,0,1.9275,0.0012,0.0249,0.026,0.0328,0.0019,1.6509,0,1.3526,2.5813,0.2115,0.0025,1.4679,0.089,0.0188,,,103.9663,178.559,1877.9366,1282.632,0.028,0.0441,0.0538,1.0596,0.5523,0.068,0.1573,0.2416,0.049,0.1362,0.2281,0.1362,0.2493,0.0688,0.4283,0,0,0,5.6536,0.0701,2.6214,10.3008,0.0315,1.6917,0,5.9227,11.2691,0,0,0,0,0,0,0.0868,2.3903,4.9313,0.2794,3.0748,9.5747,2.3903,3.6876,9.7354,0.0757,4.7775,0,7.1711,30.6812,,,0,0.0269,0.0406,0.0164,0.0261,0.0237,0.0473,0.0412,0.0513,1.5758,0.0005,,0.0156,0.0006,33.523,0.0125,374.0927,0,0.017,0.0239,0.0122,0.0154,0,0,0,0,0,0,0,0.0023,0.0012,0,0,0,0,,,,,0.0061,0,36.5198,0.0003,0.7224,0.0081,0.0016,0.191,0,0,0,0,0,0,0,0,0,0,0,0.0117,8.9689,1.3096,5.7804,5.6067,5.6625,2.3016,22.3485,21.1352,0,5.1731,3.1789,4.3964,0,0,0.5965,2.3899,0,83.9005,2.4843,8.2648,0.7327,2.0941,3.6823,3.715,4.4892,14.3069,106.6667,50.9729,5.2703,4.6601,1.8025,4.8641,91.0714,130.3797,11.4282,0.7663,1.4033,0.6055,0.9894,0.6089,1.0359,0.172,0.8462,0,0,0,4.7901,2.6394,6.3092,5.1615,14.8961,4.183,0,3.0998,31.0326,0,0,0,0,0,0,5.6239,240.6175,4.6653,7.5433,8.9018,189.9955,41.3633,49.949,4.6798,28.4269,11.9817,0,3.9706,108.5028,0,0,112.7776,441.7391,150.1355,0,120.2091,285.7597,299.1545,66.013,1.2471,,1.9901,0.2097,6.3897,24.3283,12.5594,0,915.2209,0,0,0,0,0,0,0,0,0,0,73.0077,0,0,0,0,0,,,,,1.9643,0,13.4722,0.0816,4.1105,4.2169,0.5343,9.6419,0,0,0,0,0,0,0,0,0,0,0,1.4685,2.6281,10.3972,0.1096,0.0078,0.0026,7.116,1.3569,411.012,81.222,0.6468,24.91,1.44,0.2574,10.5544,0.5536,47.6642,6.0607,1.7729,0.9347,0.1475,0.0283,15.7758,,,,,,,,,532.06,2.1892,7.88,0.2618,2.6968,0.0879,1.481,11.9584,,,,,0.5027,0.0243,0.0047,4.8336,0.0199,0.0159,0.0048,79.7752,-1
Wafer-579,3065.45,2698.14,2200.0666,1012.6747,1.3954,100,103.0644,0.1212,1.4522,-0.0099,-0.002,0.9655,201.5791,0,4.9371,423.0952,9.6373,0.9706,191.9418,12.4922,1.4071,-5279.5,3214.5,-686.25,-377.5,1.2702,2.024,7.2715,67,2.8889,0.2409,3.3936,86.3794,8.5615,50.4915,64.0756,49.5086,66.1344,86.8706,118.7712,79,3.478,70,353.2336,10.1385,144.8691,751.0064,1.3273,148.5809,1,646.6836,190.1486,0,4.615,4.863,2892,0.9296,0.9491,4.5889,-0.6936,354.9209,10.3524,124.1755,15.6872,20.6936,28.2022,722.8043,0.8279,151.9,1,630.9964,89.8495,,,0,-0.0196,-0.0814,-0.0206,-0.0193,-0.0015,-0.0961,-0.0264,-0.0071,7.5319,0.1389,,2.3419,0.9893,1816.0409,0.2088,8462.0301,0.0122,0.0024,-0.0002,0,0,0.0248,0,0.0248,-0.0707,-0.0001,0,-0.0292,-0.0091,0.0009,-0.0024,0.0002,-0.0198,0.0337,,,,0.4641,0.9466,0,710.7979,0.9911,57.8466,0.6011,0.9698,6.2026,15.92,2.951,15.94,15.94,0.8845,2.748,0.4559,3.246,-0.1419,0.808,0.9989,2.3289,1006.5471,37.3966,87,218.3,163,47.5,281.316,0.255,0,7.63,0.0054,0.1187,0.1214,0.0927,0.0112,5.4196,0,4.435,8.12,0.4943,0.0087,5.2513,0.46,0.0544,,,223,1853,11954,1403,0.055,0.078,0.364,1.8,1.5,0.151,0.349,0.7187,0.1334,0.34,0.5936,0.3401,0.68,0.2546,0.298,0,0,19.44,0.44,7.93,27.584,0.1168,7.01,0,16.56,79.075,0,0,0,0,0,0,0.21,8.47,18.31,0.29,9.15,18.51,8.47,12.265,34.138,0.1777,7.9,0,18.51,91.628,0,0.0621,0.0646,0.0401,0.0158,0.0702,0.1034,0.0864,0.0737,3.4952,0.005,,0.0915,0.0013,110.5367,0.0949,1247.3003,0,0.0097,0.0124,0,0,0,0,0,0,0,0,0,0.005,0.0037,0,0,0,0,,,,0.0152,0.0189,0,139.6691,0.0007,1.2925,0.01,0.0218,0.4717,0,0,0,0,0,0,0,0,0,0,0,0.0342,26.453,3.8882,25.239,77.6921,62.8858,16.5205,94.6441,0.083,0,2.5731,0.0015,0.0361,0.0262,0.0226,0.0038,2.069,0,1.4446,2.2301,0.1461,0.0028,1.9539,0.089,0.0181,,,104.0401,871.1244,5715.6795,585.619,0.0293,0.0321,0.1786,0.5916,0.5183,0.0519,0.1172,0.296,0.0542,0.1293,0.2464,0.1294,0.2429,0.1011,0.1372,0,0,0,5.9975,0.1242,2.6136,7.7487,0.0334,2.0728,0,5.0405,26.0961,0,0,0,0,0,0,0.0664,2.6051,5.9092,0.0855,2.4191,8.4924,2.6051,3.1832,9.737,0.0564,2.4379,0,5.6286,25.2994,,,0,0.0196,0.0302,0.0194,0.0077,0.0174,0.0521,0.0461,0.0382,1.1564,0.0017,,0.0273,0.0005,41.3879,0.0297,400.3282,0,0.0033,0.0031,0.0028,0.0018,0,0,0,0,0,0,0,0.0016,0.0014,0,0,0,0,,,,0.0048,0.0066,0,41.7632,0.0003,0.3934,0.0035,0.0066,0.1525,0,0,0,0,0,0,0,0,0,0,0,0.0117,8.9689,1.3096,3.8991,7.1213,6.0412,2.159,27.7795,18.2747,0,7.4031,4.4537,8.1739,0,0,1.1627,2.6886,0,89.8302,1.9192,5.1288,0.8961,2.7359,3.6823,3.8668,4.2239,57.645,0,371.6556,4.3299,3.8538,5.0058,2.6866,51.9231,62.6845,10.2842,0.832,1.5577,0.6734,0.9264,0.687,1.0282,0.2931,0.2509,0,0,0,5.5034,4.3399,5.4739,3.6729,8.8028,4.718,0,2.5608,41.5859,0,0,0,0,0,0,4.5762,0,5.1589,2.8013,7.3686,117.994,40.9305,43.4896,4.723,21.4686,5.2008,0,2.9335,101.9795,0,316.7357,79.3612,194.4242,81.6537,0,107.6243,326.9631,0,46.4052,3.6,,3.9088,0.1302,6.0867,45.4494,14.74,0,405.2219,0,0,0,0,0,0,0,0,0,0,55.0206,389.4737,0,0,0,0,,,,3.2694,1.9934,0,19.6496,0.0733,2.2343,1.6552,2.2502,7.6049,0,0,0,0,0,0,0,0,0,0,0,1.4685,2.6281,10.3972,0.1096,0.0078,0.0026,7.116,2.2472,406.438,76.992,1.8548,19.12,0.76,0.8235,9.1259,0.3055,82.5392,4.7043,0.9871,0.9603,0.588,0.0989,61.233,251.508,0.6394,5.47,0.1563,2.2183,0.0626,2.1749,24.4475,532.9918,2.0121,9.2599,0.3435,3.2396,0.103,1.7374,17.0702,0.0252,0.0157,0.0046,62.3881,0.4982,0.0194,0.0043,3.8846,0.0252,0.0157,0.0046,62.3881,-1
Wafer-580,2966.94,2509.22,2113.0778,1016.675,0.9218,100,97.92,0.1265,1.4209,-0.0262,0.0018,0.9548,197.3651,0,10.691,409.6919,10.0094,0.9641,187.3557,12.5471,1.4204,-6466,3069.25,100.5,1446.75,0.9813,1.884,5.0727,69.3111,2.9,0.1901,4.6139,85.5265,8.659,50.4068,64.061,49.5932,66.2245,86.8196,118.9532,77.74,2.864,70,356.2027,9.8406,142.7173,741.3708,1.3348,138.7227,1,637.6427,192.7781,0,4.612,4.851,2847,0.9289,0.9506,4.5406,0.1891,353.6509,10.2605,122.9064,15.7782,19.8109,27.7146,713.6562,0.9114,145.3073,1,621.8645,93.1906,157.267,464.5975,0,-0.0166,-0.0711,-0.0281,-0.0333,0.001,0.0157,-0.0072,-0.0006,6.6874,0.1264,,2.393,0.9856,1804.0434,0.1971,8439.8099,0.1317,-0.0031,-0.0035,-0.0001,-0.0003,0.2972,0,-0.1767,-0.0391,-0.0006,-0.0001,-0.0803,-0.0146,0.0005,0.0032,0.0035,-0.1517,-0.1813,,,,0.4624,0.9304,0,725.8836,0.9902,58.7468,0.5988,0.9667,6.3762,15.94,5.261,15.97,15.99,1.418,3.955,0.8522,3.278,-0.5677,0.6786,0.9984,2.2773,1009.9188,40.8046,136,73.5,63.4,53.6001,261.163,0.1532,0,4.97,0.0033,0.0784,0.0484,0.0531,0.0177,4.1292,0,7.066,12.445,0.9153,0.0126,3.2139,0.85,0.095,,,328,741,18140,99,0.125,0.074,0.179,2.4,1.1,0.115,0.149,0.8444,0.1704,0.2244,0.5565,0.2244,0.6831,0.3907,0.299,0,0,15.47,0.513,13.84,36.608,0.0966,7.53,0,20.83,49.754,0,0,0,0,0,0,0.29,7.11,19.74,0.318,11.52,23.66,7.11,12.168,38.011,0.1623,8.33,0,23.66,101.11,0,0.0953,0.0932,0.0588,0.0648,0.0997,0.0111,0.0976,0.1067,7.1894,0.0026,,0.0828,0.0025,130.7773,0.039,452.5,0,0.0288,0.0307,0,0,0,0,0,0,0,0,0,0.0062,0.0062,0,0,0,0,,,,0.0213,0.0174,0,64.7735,0.0008,3.1724,0.0436,0.0178,0.2941,0,0,0,0,0,0,0,0,0,0,0,0.0341,33.151,2.2571,35.619,21.2075,21.8514,20.1353,89.9889,0.0467,0,1.7179,0.0009,0.0279,0.0166,0.0162,0.0059,1.2588,0,1.9998,3.6323,0.2453,0.0042,1.0227,0.1207,0.0321,,,139.5111,323.6453,8302.7761,45.0139,0.0514,0.0305,0.0754,0.913,0.3674,0.0382,0.0424,0.3284,0.0639,0.1032,0.2081,0.1032,0.2913,0.1448,0.1184,0,0,0,4.3233,0.1944,3.7227,10.9832,0.0349,2.876,0,6.1,18.1239,0,0,0,0,0,0,0.0848,2.3554,5.5099,0.1128,3.5482,9.2538,2.3554,3.3154,11.746,0.0466,2.3399,0,8.0252,33.5514,7.1391,3.8611,0,0.0273,0.0381,0.0281,0.0292,0.0249,0.005,0.0523,0.0559,2.0876,0.0008,,0.0246,0.0007,41.6804,0.0126,117.3527,0,0.0085,0.0073,0.0071,0.0056,0,0,0,0,0,0,0,0.002,0.0021,0,0,0,0,,,,0.0056,0.0052,0,20.0318,0.0003,1.0178,0.0129,0.0046,0.0989,0,0,0,0,0,0,0,0,0,0,0,0.0117,12.7224,0.689,5.7517,2.4773,2.5267,2.5366,25.688,16.6165,0,5.0756,2.6086,5.5178,184.4688,0,1.858,2.0921,0,66.093,3.0377,9.1448,1.3096,1.7154,6.7745,6.6869,5.0727,24.1427,0,6.8429,12.7389,3.9278,3.5287,3.4626,37.931,60.4909,3.2294,0.9873,1.9676,0.4452,0.8687,0.4525,1.0315,0.45,0.2514,0,0,0,4.343,5.2131,9.6975,4.9379,7.2371,5.4281,0,3.2667,25.8089,0,0,0,0,0,0,6.3869,0,5.5818,3.0992,9.373,149.9543,35.8893,43.9046,5.3262,17.807,5.7327,0,3.8047,108.498,0,573.6644,131.083,209.0667,194.8872,0,70.7006,0,0,107.5062,2.057,,3.4584,0.2523,7.2491,19.7832,5.3615,0,917.9283,880.2867,0,0,0,0,0,0,0,0,0,42.6117,0,0,0,0,0,,,,4.6043,1.8708,0,8.9234,0.0786,5.4002,7.2818,1.843,4.6121,0,0,0,0,0,0,0,0,0,0,0,1.4958,3.2825,5.5315,0.1096,0.0078,0.0026,7.116,,,,,,,,,,,,,1.0109,0.495,0.0936,48.9647,266.336,0.7334,4.56,0.0839,1.7204,0.0358,1.7121,11.4352,532.7609,1.9518,7.9901,0.1517,2.8686,0.042,1.4997,7.7724,,,,,0.4995,0.0154,0.0032,3.0844,0.0252,0.0157,0.0046,62.3881,-1
Wafer-581,3010.4,,2172.4,1148.4101,1.2614,100,102.4522,0.1227,1.3843,-0.001,-0.0004,0.9692,198.2033,0,4.0447,419.7256,9.445,0.9628,188.7583,12.5302,1.3526,-5172.25,2650.5,-3634.75,-1227.25,1.3173,2.006,7.2618,68.6444,2.4222,0.2026,3.421,86.3794,8.5615,50.4915,64.0756,49.5086,66.1344,86.8706,118.7712,79,3.478,70,355.2955,10.2667,138.1282,744.1924,1.2861,148.57,1,641.9936,203.5015,0,4.637,4.836,2881,0.934,0.9588,4.5775,2.39,356.7209,10.3825,120.5182,15.0863,17.61,25.5921,718.6003,0.9237,149.6682,1,626.9073,86.75,,,0,-0.0195,-0.066,-0.0073,-0.0146,0.0047,-0.094,-0.0231,0.021,7.872,0.1373,,2.4526,0.98,1775.7413,0.1709,8416.3199,-0.0736,0.0022,-0.0016,-0.0002,0,0.3043,0,-0.5427,-0.0484,-0.0001,-0.0002,0.081,-0.0095,0.0006,-0.0022,0.0016,-0.0994,-0.0856,,,,,0.9345,0,655.7746,0.9904,58.7427,0.5881,0.9796,6.3421,15.92,2.951,15.94,15.94,0.8845,2.748,0.4559,3.246,-0.1419,0.808,0.9989,2.3289,1006.5471,37.3966,81,69.4,,50,256.652,0.2666,0,5.3,0.0039,0.1337,0.1122,0.0809,0.0134,4.8406,0,3.867,8.39,0.7259,0.0153,4.1147,0.35,0.0553,,,601,418,712,2158,0.113,0.107,0.231,1.6,1.5,0.24,0.387,0.7187,0.1334,0.34,0.5936,0.3401,0.68,0.2546,0.298,0,0,21.43,0.182,7.97,23.246,0.1212,4.18,0,20.42,30.578,0,0,0,0,0,0,0.211,10.79,18.68,0.188,5.05,21.28,10.79,11.343,31.785,0.1137,4.39,0,21.28,38.412,0,0.0889,0.0493,0.0419,0.0236,0.7615,0.1045,0.1002,0.0432,3.5494,0.0087,,0.0483,0.0023,88.2261,0.0501,1066.1997,0,0.0141,0.0163,0,0,0,0,0,0,0,0,0,0.0065,0.0051,0,0,0,0,,,,,0.0303,0,113.6959,0.001,2.8366,0.0307,0.005,0.465,0,0,0,0,0,0,0,0,0,0,0,0.0342,26.453,3.8882,22.7229,22.7224,,19.8664,82.9934,0.0814,0,1.9275,0.0012,0.0414,0.0255,0.0226,0.0042,1.6527,0,1.0809,2.0984,0.1969,0.005,1.4762,0.0947,0.0188,,,287.1694,204.2392,306.0734,881.9518,0.053,0.047,0.0958,0.4799,0.4177,0.0671,0.158,0.296,0.0542,0.1293,0.2464,0.1294,0.2429,0.1011,0.1372,0,0,0,6.3404,0.062,2.5236,6.7832,0.0379,1.6151,0,5.6724,11.2328,0,0,0,0,0,0,0.0652,3.1505,6.3064,0.0621,1.4026,8.7713,3.1505,3.281,9.2845,0.0319,1.7383,0,6.2444,12.1636,,,0,0.0248,0.0207,0.019,0.0105,0.1429,0.059,0.0504,0.0193,1.2604,0.0025,,0.0158,0.0006,27.2892,0.0155,335.7663,0,0.0042,0.0052,0.0045,0.0027,0,0,0,0,0,0,0,0.0021,0.0019,0,0,0,0,,,,,0.0119,0,36.5576,0.0003,0.9469,0.0096,0.0014,0.1469,0,0,0,0,0,0,0,0,0,0,0,0.0117,8.9689,1.3096,3.6701,2.3053,,2.3016,22.3485,21.1352,0,5.1731,3.1789,9.6586,0,0,1.3828,2.4423,0,95.6059,1.9989,7.6859,1.5935,2.1799,2.7933,4.0884,11.6197,15.7706,19.5887,175.8403,8.5785,5.334,3.1811,2.3309,61.9266,118.486,11.3125,0.832,1.5577,0.6734,0.9264,0.687,1.0282,0.2931,0.2509,0,0,0,6.0316,1.7727,5.77,3.1237,9.4265,2.8135,0,3.1807,15.0259,0,0,0,0,0,0,4.6095,451.4644,5.2366,1.8107,4.1902,141.0547,61.272,44.3223,4.4232,12.313,2.9332,0,3.3944,44.279,0,455.3137,74.7253,575.945,161.9211,0,111.2294,432.8294,205.2257,45.0883,6.3632,,1.9686,0.2374,4.9684,29.2903,12.6682,0,640.9091,999.2337,0,0,0,0,0,0,0,0,0,68.7831,784.6154,0,0,0,0,,,,,3.2438,0,17.3376,0.0995,4.8288,5.2175,0.5081,7.3312,0,0,0,0,0,0,0,0,0,0,0,1.4685,2.6281,10.3972,0.1096,0.0078,0.0026,7.116,0.6806,398.158,73.978,0.3105,14.06,0.59,0.1433,6.6299,0.253,45.6225,3.5313,0.7975,0.9721,0.4442,0.0758,45.6897,,,,,,,,,533.0873,2.0606,8.67,0.4796,3.0859,0.1288,1.6264,23.2761,,,,,0.5015,0.0137,0.0034,2.7339,0.0252,0.0157,0.0046,62.3881,-1
Wafer-582,2967.54,2573.09,2160.6,1124.5821,1.5257,100,98.7122,0.1246,1.475,0.0248,-0.0097,0.9551,201.264,0,10.2465,412.7845,9.5841,0.9633,191.6799,12.4231,1.3906,-6447,3115.5,-3410.5,1335.5,0.9775,1.8825,5.035,68.6556,2.6778,0.1711,4.6098,84.9737,8.441,50.365,64.3579,49.635,65.5794,87.0383,118.4008,78.63,3.134,70,361.9609,9.5136,142.3727,743.731,1.2359,137.8536,1,642.1873,198.6087,0,4.601,4.847,2852,0.9238,0.9492,4.5429,-0.9127,363.8609,9.7847,121.46,16.7109,20.9127,29.3191,714.4119,0.9086,140.1555,1,625.4764,60.6355,156.8145,468.6619,0,0.0116,-0.0102,0.0085,-0.042,-0.0163,-0.0084,-0.0334,0.0705,7.0142,0.1403,,2.3775,0.9878,1816.6093,0.1531,9100.4501,0.0685,-0.0002,-0.0024,0.0002,0,-0.2145,0,0.3505,-0.0372,0.0001,0.0002,0.0069,-0.009,0.0005,0.0001,0.0024,0.0577,0.0434,,,,0.4424,0.954,0,808.6683,0.9911,57.9637,0.5948,0.977,6.259,15.89,3.879,15.9,15.98,0.9649,3.463,0.6295,3.199,-0.1419,0.827,0.9997,2.3406,1004.4267,37.3689,142,72.6,49,56.7002,246.6509,0.2148,0,3.91,0.0044,0.1499,0.1701,0.0869,0.0192,5.5753,0,6.87,11.325,0.9529,0.0142,4.7597,0.35,0.0641,,,151,838,2987,122,0.14,0.08,0.166,2.5,0.8,0.051,0.108,0.7973,0.1269,0.1995,0.4841,0.1995,0.6606,0.274,0.234,0,0,17.3,0.297,10.38,33.045,0.1241,6.99,0,18.65,49.326,0,0,0,0,0,0,0.31,4.77,22.44,1.356,8.49,32.17,4.77,5.133,31.735,0.2583,11.87,0,32.17,60.14,0,0.0487,0.0547,0.101,0.0679,0.0828,0.0817,0.0724,0.1162,4.3575,0.0022,,0.0849,0.0016,91.6594,0.021,794.2998,0,0.0113,0.0122,0,0,0,0,0,0,0,0,0,0.0058,0.0047,0,0,0,0,,,,0.2107,0.0143,0,66.4187,0.0009,2.182,0.0366,0.0049,0.6404,0,0,0,0,0,0,0,0,0,0,0,0.0291,24.653,3.634,36.7491,25.1562,17.7833,21.0015,74.302,0.0661,0,1.1187,0.0013,0.0443,0.0441,0.0279,0.0063,1.9011,0,2.5636,3.7629,0.2578,0.0047,1.6797,0.0801,0.025,,,83.8053,344.1913,1247.0243,58.2952,0.0584,0.0332,0.0698,0.8033,0.2819,0.0175,0.0311,0.292,0.0539,0.0844,0.1728,0.0844,0.2616,0.1031,0.1046,0,0,0,5.9491,0.0992,2.9968,9.519,0.0345,1.9261,0,5.4608,14.0192,0,0,0,0,0,0,0.0887,1.6934,7.3373,0.4095,2.4316,10.2406,1.6934,1.792,9.1745,0.0791,3.9115,0,8.2668,18.2254,11.7002,7.0343,0,0.0154,0.0248,0.0461,0.0346,0.0201,0.0427,0.0374,0.063,1.5768,0.0007,,0.0253,0.0006,31.8188,0.0076,235.7925,0,0.0036,0.003,0.0031,0.0014,0,0,0,0,0,0,0,0.0016,0.0019,0,0,0,0,,,,0.0608,0.0046,0,20.3917,0.0003,0.5518,0.0119,0.0015,0.2026,0,0,0,0,0,0,0,0,0,0,0,0.009,9.1065,1.2164,6.3689,2.4465,1.9043,2.6243,21.9327,14.0801,0,3.961,3.5303,10.1625,685.0239,893.5733,2.0107,2.7701,0,67.047,2.7436,9.9421,1.4735,2.4832,2.8173,4.6075,2.3422,26.8978,87.5825,9.1352,14.3223,4.2497,3.2969,3.6414,29.8755,29.8052,2.3428,0.9383,1.5029,0.3961,0.7522,0.4019,1.0073,0.3148,0.1976,0,0,0,4.7795,3.1218,7.2907,4.4431,10.0408,5.0706,0,2.9041,24.8358,0,0,0,0,0,0,6.8238,522.6096,6.1672,13.8583,6.99,192.5087,22.8091,17.5073,4.4421,28.4248,8.4692,0,5.1433,99.1828,0,419.6015,537.5921,0,161.763,507.0034,975.5224,216.7665,164.7643,62.1238,1.5679,,3.5701,0.1582,5.0456,13.6908,8.7281,0,0,497.9592,0,0,0,0,0,0,0,0,0,64.5341,940,0,0,0,0,,,,47.6246,1.4993,0,8.2133,0.0952,3.7644,6.1575,0.5025,10.2313,0,0,0,0,0,0,0,0,0,0,0,1.2444,2.4544,9.7247,0.1096,0.0078,0.0026,7.116,,,,,,,,,,,,,0.9449,0.0789,0.0226,8.3522,265.682,0.8343,10.2,0.1794,4.4096,0.0776,3.8392,21.5028,531.0854,2.0685,9.93,0.2932,3.3856,0.0858,1.8698,14.1723,,,,,0.4973,0.0129,0.003,2.6016,0.0252,0.0157,0.0046,62.3881,-1
Wafer-583,2891.17,2480.11,2171.8556,940.9917,1.2906,100,103.4733,0.1234,1.5334,0.0098,0.001,0.9766,200.269,0,11.056,405.3603,9.3546,0.9713,190.9144,12.4922,1.4258,-5602.25,2617.5,-3860.25,-4153.75,1.3157,2.016,7.4342,65.6889,2.0333,0.1522,3.4867,85.8807,9.754,50.2775,63.9959,49.7225,66.5687,87.1954,118.0116,65.11,3.462,70,353.8718,10.2965,133.5382,735.0729,1.3751,151.3336,1,638.7436,200.7316,0,4.624,4.858,2888,0.9329,0.9516,4.5834,0.9409,354.3973,10.5675,114.4791,16.9681,19.0591,26.7098,708.3631,0.8872,152.8991,1,621.7755,77.1592,,,0,0.0104,-0.0639,-0.0364,-0.0236,0.009,-0.0967,-0.025,0.019,7.0658,0.1404,,2.3759,0.9799,1856.4217,0.1758,8679.2601,-0.0242,0.0019,-0.0005,-0.0002,0.0001,0.2098,0,-0.4093,0.1088,0,-0.0002,0.075,-0.0078,-0.0015,-0.0019,0.0005,0.0155,-0.0486,,,,0.4649,0.9294,0,749.3412,0.9909,58.5769,0.5947,0.9669,6.3782,15.95,3.446,15.97,16.01,0.946,2.72,0.5424,3.064,-0.0946,0.7908,0.9989,2.3306,1010.6904,35.8235,168,138.3,118.9,44.3999,182.999,0.1155,0,6.11,0.0059,0.2618,0.1208,0.0879,0.0062,8.678,0,12.335,4.766,0.9686,0.0077,8.3457,0.46,0.0495,,,1154,356,1359,3829,0.021,0.125,0.271,2.4,2.3,0.205,0.512,0.4955,0.0807,0.3767,0.5871,0.3767,0.9365,0.2261,0.166,0,0,17.18,0.182,8.41,22.755,0.1492,5.3,0,14.03,43.094,0,0,0,0,0,0,0.19,6.99,20.1,0.27,8.19,21.79,6.99,8.874,28.443,0.3738,7.47,0,21.79,93.73,0,0.0887,0.0364,0.0496,0.0384,0.0873,0.099,0.1087,0.1034,3.3893,0.0077,,0.0454,0.0064,145.1355,0.0834,803.5,0,0.0167,0.0147,0,0,0,0,0,0,0,0,0,0.0045,0.0068,0,0,0,0,,,,0.0165,0.0212,0,95.1938,0.0006,2.1547,0.0248,0.0179,0.5563,0,0,0,0,0,0,0,0,0,0,0,0.0333,34.706,2.5647,33.8951,51.4127,42.2484,17.7781,56.9252,0.0383,0,2.0414,0.0016,0.085,0.0275,0.0214,0.0022,3.3348,0,3.9114,1.7289,0.2619,0.0026,3.1614,0.089,0.0141,,,543.5975,160.3174,685.4047,1756.0259,0.0086,0.0653,0.1123,0.7491,0.6144,0.0663,0.1616,0.2118,0.0379,0.147,0.222,0.147,0.358,0.1003,0.0648,0,0,0,5.7667,0.0528,2.5544,6.5092,0.0405,1.5383,0,3.877,16.3326,0,0,0,0,0,0,0.0623,2.1447,6.3198,0.0747,2.0944,8.0453,2.1447,2.6086,8.5808,0.1077,2.3169,0,5.9172,30.64,,,0,0.0234,0.0157,0.0237,0.0171,0.0241,0.054,0.0558,0.0498,1.0323,0.0024,,0.0148,0.0023,50.7978,0.0238,271.6517,0,0.0039,0.0043,0.004,0.0024,0,0,0,0,0,0,0,0.0017,0.0023,0,0,0,0,,,,0.0043,0.0061,0,28.5355,0.0002,0.6282,0.0085,0.0065,0.1871,0,0,0,0,0,0,0,0,0,0,0,0.0102,11.6523,0.9118,7.5886,4.7835,4.7941,2.0443,19.4475,8.9517,0,5.9049,4.7816,17.0733,0,0,0.6399,4.3332,0,111.5684,1.1757,10.3539,0.7935,4.3714,3.6823,3.4688,20.5989,13.6008,35.205,92.1818,1.596,6.2004,3.6453,3.6536,113.1148,134.6715,14.6845,0.577,0.8274,0.7492,0.9174,0.7576,1.4068,0.2593,0.1407,0,0,0,4.8549,1.7676,6.2978,3.0956,10.8525,3.5022,0,2.1965,21.4685,0,0,0,0,0,0,4.1453,742.8986,5.6716,2.555,7.1541,128.417,36.6754,33.2237,4.0153,42.131,4.8856,0,3.5045,121.4762,0,855.971,56.9417,136.1702,162.5397,967.313,102.3785,435.6713,544.9275,47.9673,5.4852,,1.9096,0.6554,7.818,47.4376,9.2577,0,884.7682,0,0,0,0,0,0,0,0,0,0,57.971,464.9573,0,0,0,0,,,,3.54,2.2823,0,12.7037,0.0611,3.6784,4.1739,1.8514,8.7223,0,0,0,0,0,0,0,0,0,0,0,1.4279,3.4339,7.1593,0.1096,0.0078,0.0026,7.116,1.6732,412.702,83.116,0.9299,18.27,1.44,0.378,7.7171,0.5623,55.5783,4.4269,1.7325,0.9777,0.4723,0.1055,48.3013,251.38,0.6152,4.76,0.1446,2.1225,0.0679,1.8935,23.4995,531.4291,2.1392,9.32,0.2439,2.987,0.0899,1.7538,11.3995,,,,,0.5097,0.0438,0.0091,8.5946,0.0252,0.0157,0.0046,62.3881,-1
Wafer-584,2992.61,2541.13,2171.8556,940.9917,1.2906,100,103.4733,0.1234,1.4373,-0.0027,0.0034,0.9781,199.5909,0,9.4845,403.5943,9.3086,0.9728,190.2823,12.4892,1.3869,-5640,2635.25,-1145,-2744.75,1.2835,1.9795,7.2297,66.1889,2.4444,0.1974,3.397,85.822,9.0776,50.4667,64.059,49.5333,66.995,86.8379,118.0494,77.92,3.758,70,353.0891,10.2395,143.0745,746.9945,0.8511,144.9855,1,641.1491,124.1839,0,4.61,4.852,2906,0.9276,0.9501,4.5784,-2.0555,355.9918,10.434,121.0191,13.0401,22.0555,27.456,719.5385,1.043,152.4227,1,629.4336,66.9734,,,0,-0.0078,-0.083,-0.0202,-0.0571,0.0024,-0.0733,-0.018,-0.0101,7.215,0.1313,,2.4254,0.9872,1814.5477,0.1943,8460.9799,0.0471,0.001,-0.0003,-0.0001,0,0.1597,0,-0.3537,-0.0744,0.0001,-0.0002,-0.0766,-0.0091,0.001,-0.001,0.0003,-0.0569,-0.0448,,,,0.4632,0.9431,0,819.9061,0.9909,59.2783,0.6033,0.9624,6.4659,15.95,3.446,15.97,16.01,0.946,2.72,0.5424,3.064,-0.0946,0.7908,0.9989,2.3306,1010.6904,35.8235,88,93,87,44.3999,182.999,0.1155,0,6.11,0.0059,0.0911,0.1241,0.0791,0.0063,8.605,0,5.629,4.686,0.7062,0.0073,8.2727,0.36,0.0476,,,486,146,13029,3815,0.116,0.039,0.198,2.6,0.7,0.117,0.354,0.5053,0.1245,0.3488,0.6077,0.3488,0.7835,0.284,0.329,0,0,20.39,0.332,8.04,22.038,0.0798,3.78,0,18.34,22.663,0,0,0,0,0,0,0.204,8.35,21.57,0.318,6.78,12.51,8.35,8.358,27.905,0.7533,7.97,0,21.4,97.177,0,0.0714,0.0576,0.0384,0.036,0.0468,0.0903,0.0816,0.0553,4.1538,0.004,,0.0287,0.0016,100.6228,0.0387,810.7998,0,0.0119,0.0137,0,0,0,0,0,0,0,0,0,0.0038,0.0043,0,0,0,0,,,,0.0219,0.0149,0,98.429,0.0007,2.2091,0.0281,0.0316,0.4482,0,0,0,0,0,0,0,0,0,0,0,0.0333,34.706,2.5647,25.9714,30.1274,29.575,17.7781,56.9252,0.0383,0,2.0414,0.0016,0.0269,0.0288,0.0207,0.002,3.3235,0,1.9244,1.5884,0.1922,0.0025,3.1919,0.0884,0.0162,,,199.2854,61.7272,6271.8833,1596.8466,0.0542,0.0171,0.0905,0.7491,0.2128,0.0376,0.1165,0.1956,0.0507,0.1524,0.2187,0.1524,0.3197,0.1023,0.1264,0,0,0,6.8415,0.1138,2.2648,6.4099,0.0271,1.256,0,5.7895,7.5116,0,0,0,0,0,0,0.0643,2.3491,6.7788,0.0936,1.8976,9.4992,2.3491,2.6728,8.8486,0.2192,2.6767,0,5.7549,33.3527,,,0,0.0176,0.0284,0.0179,0.0171,0.0114,0.0466,0.0433,0.03,1.5575,0.0011,,0.0094,0.0006,36.2189,0.0116,298.0102,0,0.0032,0.0043,0.0031,0.0028,0,0,0,0,0,0,0,0.0012,0.0016,0,0,0,0,,,,0.0061,0.0051,0,34.1368,0.0002,0.652,0.0098,0.01,0.1502,0,0,0,0,0,0,0,0,0,0,0,0.0102,11.6523,0.9118,3.9125,3.1077,3.4237,2.0443,19.4475,8.9517,0,5.9049,4.7816,6.3384,0,0,0.6429,4.3113,0,59.3492,1.1611,7.5868,0.7481,4.3476,2.8825,3.43,8.617,5.5403,0,138.9926,9.0378,1.9702,2.7387,3.9282,28.6364,59.2572,10.421,0.5888,1.3711,0.6911,0.9487,0.7042,1.1695,0.327,0.2787,0,0,0,5.7748,3.2424,5.6194,2.9502,9.3745,2.6072,0,2.8605,18.2495,0,0,0,0,0,0,4.4557,406.2362,6.0591,3.0477,5.6024,95.9347,37.8591,30.4415,3.8782,72.2292,5.2289,0,3.3999,145.098,0,917.5904,69.3558,189.6296,63.0197,0,123.2344,453.3333,546.1728,57.5717,3.0457,,1.1829,0.1661,5.5453,19.9427,9.5828,0,0,0,0,0,0,0,0,0,0,0,0,41.8733,430,0,0,0,0,,,,4.7175,1.5763,0,12.0049,0.066,3.7267,4.6609,3.2858,6.9324,0,0,0,0,0,0,0,0,0,0,0,1.4279,3.4339,7.1593,0.1096,0.0078,0.0026,7.116,,,,,,,,,,,,,0.964,0.2003,0.0413,20.7785,251.012,0.7654,5.22,0.1354,2.2185,0.0538,2.0796,17.697,530.0355,2.0373,7.85,0.3692,2.6747,0.1101,1.481,18.1228,,,,,0.5022,0.0193,0.0049,3.8463,0.0252,0.0157,0.0046,62.3881,-1
Wafer-585,2924.96,2564.29,2171.8556,940.9917,1.2906,100,103.4733,0.1234,1.3949,0.0084,-0.0031,0.9764,198.1286,0,10.6073,407.9911,9.3269,0.9712,188.8016,12.4922,1.4292,-6470.75,3012.25,-2726.25,1380.25,1.007,1.8685,5.0492,67.5667,2.9444,0.1868,4.6221,85.2601,8.5779,50.3893,64.1459,49.6107,66.183,86.6492,119.3278,13.83,5.019,70,353.21,10.2014,137.5027,739.6392,1.3278,148.6482,1,639.3609,196.7371,0,4.624,4.858,2888,0.9329,0.9516,4.5834,-3.1455,354.2482,10.5716,114.3573,19.0018,23.1455,31.4605,708.1786,0.8882,151.7536,1,620.3591,68.0215,,,0,0.0215,-0.0312,0.0156,-0.0237,0.0107,0.0928,-0.0174,0.0113,7.9734,0.1353,,2.4319,0.9895,1650.2713,0.1565,8969.65,-0.0632,0.0052,-0.0003,-0.0003,0.0001,0.3363,0,-0.5145,0.0586,-0.0002,-0.0002,-0.0937,-0.0104,-0.0008,-0.0052,0.0004,0.0662,0.0463,,,,,0.9131,0,712.5051,0.9907,58.7398,0.5876,0.9667,6.2708,16,3.102,16.01,16.04,0.9176,2.747,0.5213,3.167,-0.0946,0.7975,0.9991,2.3257,1011.5203,43.8677,118,103.3,130.2,44.3999,182.999,0.1155,0,6.11,0.0059,0.109,0.1151,0.0867,0.0071,8.4237,0,11.682,9.193,0.4422,0.0086,8.3776,0.46,0.0457,0.0954,745.5,735,747,3808,123,0.107,0.09,0.32,2.3,0.8,0.048,0.13,0.8687,0.0754,0.3693,0.6137,0.3693,0.7476,0.2916,0.221,0,0,20.59,0.307,8.14,22.97,0.1364,3.83,0,16.99,30.711,0,0,0,0,0,0,0.19,6.22,20.61,0.302,6.24,16.87,6.22,7.004,24.974,0.4032,12.29,0,16.87,90.545,0,0.1001,0.0798,0.068,0.0373,0.072,0.0499,0.063,0.0676,1.5018,0.0028,,0.0654,0.0018,162.855,0.0384,703.4004,0,0.0247,0.02,0,0,0,0,0,0,0,0,0,0.0037,0.004,0,0,0,0,,,,,0.0623,0,66.8132,0.0012,1.73,0.0276,0.0212,0.4576,0,0,0,0,0,0,0,0,0,0,0,0.0627,25.317,6.3485,32.1752,35.9765,44.6682,17.7781,56.9252,0.0383,0,2.0414,0.0016,0.0326,0.0272,0.0227,0.0022,3.1918,0,3.2326,2.6012,0.1369,0.0029,3.1694,0.089,0.014,0.0277,235.4998,308.6167,353.2519,1674.1914,54.4816,0.0488,0.0412,0.1326,0.728,0.2506,0.0178,0.0399,0.3207,0.0304,0.1523,0.2243,0.1523,0.295,0.1053,0.083,0,0,0,6.7714,0.1008,2.7864,6.5209,0.0395,1.2936,0,5.5934,9.6837,0,0,0,0,0,0,0.0623,1.7649,6.3623,0.0929,2.0696,9.2986,1.7649,1.9976,7.7028,0.1313,3.2274,0,4.7996,27.8536,,,0,0.0246,0.0364,0.029,0.0174,0.0191,0.0267,0.0335,0.0354,0.5063,0.0008,,0.0205,0.0005,52.2531,0.0118,206.921,0,0.0061,0.0054,0.0053,0.0035,0,0,0,0,0,0,0,0.0012,0.0014,0,0,0,0,,,,,0.0218,0,19.7887,0.0003,0.5378,0.0099,0.0069,0.1498,0,0,0,0,0,0,0,0,0,0,0,0.0186,9.9911,1.9946,5.413,3.5317,5.0774,2.0443,19.4475,8.9517,0,5.9049,4.7816,7.814,0,0,0.7289,4.2516,0,110.132,2.2532,4.7413,0.8899,4.4373,3.6823,3.1983,11.3588,24.7987,139.679,8.9114,10.6256,4.8167,6.3376,3.404,27.1698,25.699,2.8126,1.0189,0.879,0.7329,0.9567,0.7444,1.1296,0.3365,0.1852,0,0,0,5.8294,3.0094,5.9199,3.1056,10.2698,2.5765,0,2.6573,15.6102,0,0,0,0,0,0,4.1453,197.7457,5.818,2.8567,5.4566,88.7811,26.8735,22.2627,3.5265,45.4003,8.0986,0,2.7194,133.1124,0,464.7707,256.1798,435.2,157.384,670.5471,53.7716,362.5899,599.5565,18.8358,2.0688,,2.6906,0.1786,9.8684,24.5559,7.842,0,471.599,0,0,0,0,0,0,0,0,0,0,35.6627,507.9365,0,0,0,0,,,,,6.8282,0,9.3772,0.1182,2.9451,4.6943,2.1936,7.2974,0,0,0,0,0,0,0,0,0,0,0,2.6971,2.5029,14.4719,0.1096,0.0078,0.0026,7.116,0.9084,406.766,81.466,0.3687,20.37,1.86,0.142,9.0392,0.8886,40.5929,5.0078,2.2832,0.9705,0.1631,0.0359,16.8093,,,,,,,,,533.4727,2.0774,10.63,0.3376,3.5812,0.1026,1.9926,16.2491,,,,,0.5027,0.0154,0.0031,3.0668,0.0252,0.0157,0.0046,62.3881,-1
Wafer-586,2956.18,2435.99,2171.8556,940.9917,1.2906,100,103.4733,0.1234,1.4635,0.0101,-0.0075,0.9782,199.3273,0,7.4312,397.3341,9.6195,0.9813,189.7079,12.4922,1.39,-6545,3012.75,-4375.25,1325.75,0.9857,1.9053,5.2797,70.2778,2.7889,0.1837,4.7033,85.2764,8.7219,50.1373,63.8842,49.8627,66.1097,86.5265,118.534,76.78,3.629,70,356.0791,10.2466,135.7155,741.0284,1.3339,148.77,1,640.5645,208.1224,0,4.65,4.902,2872,0.9334,0.9484,4.6031,1.5445,355.1645,10.5522,117.26,17.0363,18.4555,26.3116,714.7168,0.9176,151.1036,1,623.5282,82.8235,,,0,-0.0029,-0.0772,0.0062,-0.0202,0.0075,-0.0878,-0.0153,0.0123,6.9959,0.1357,,2.3619,0.967,1822.8702,0.1964,8238.7699,-0.0356,0.0009,-0.0017,-0.0002,0,0.2311,0,-0.2318,0.0753,-0.0003,-0.0001,-0.006,-0.01,-0.001,-0.0009,0.0017,-0.0399,-0.0835,,,,0.4573,0.9209,0,697.4918,0.9907,58.1276,0.5988,0.9633,6.3619,15.71,4.332,15.74,15.74,1.295,2.535,0.7001,3.177,-0.2365,0.7159,0.998,2.2793,997.7034,37.1214,63,87.6,125.3,44.3999,182.999,0.1155,0,6.11,0.0059,0.0991,0.1133,0.0871,0.0064,8.5421,0,4.272,16.827,0.4699,0.0054,8.4418,0.46,0.0385,,,444,414,8050,131,0.093,0.065,0.106,3.9,0.9,0.056,0.217,0.6535,0.1224,0.3036,0.6321,0.3036,0.6848,0.1488,1.003,0,0,17.71,0.267,6.94,23.401,0.1125,7.06,0,20.59,49.49,0,0,0,0,0,0,0.204,5.82,18.24,0.298,6.14,22.19,5.82,9.799,28.594,0.2407,11.19,0,22.19,80.317,0,0.1201,0.0354,0.014,0.0324,0.0766,0.1017,0.0853,0.0599,2.0483,0.0031,,0.0812,0.0093,132.3281,0.023,1253.7002,0,0.0107,0.0152,0,0,0,0,0,0,0,0,0,0.0038,0.0064,0,0,0,0,,,,0.0209,0.0214,0,128.6296,0.0014,3.911,0.016,0.0261,0.4699,0,0,0,0,0,0,0,0,0,0,0,0.0985,24.748,4.3562,17.3769,31.6866,40.5677,17.7781,56.9252,0.0383,0,2.0414,0.0016,0.0393,0.0272,0.0206,0.002,3.2547,0,1.5018,5.4796,0.1408,0.0017,3.2235,0.089,0.0137,,,203.306,171.0875,3373.0988,60.8352,0.0388,0.0278,0.0444,1.2194,0.2667,0.0199,0.0795,0.2416,0.049,0.1362,0.2281,0.1362,0.2493,0.0688,0.4283,0,0,0,6.3195,0.0849,2.376,6.7381,0.0402,2.1786,0,6.0356,17.4898,0,0,0,0,0,0,0.0619,1.9023,6.1519,0.0846,1.7948,9.274,1.9023,2.8129,8.8373,0.0807,2.9174,0,6.5837,25.7614,,,0,0.0322,0.0155,0.0063,0.0141,0.0235,0.0504,0.0436,0.0334,0.7402,0.0009,,0.0254,0.0034,39.9325,0.0087,367.9919,0,0.0035,0.004,0.0037,0.002,0,0,0,0,0,0,0,0.0013,0.002,0,0,0,0,,,,0.0076,0.007,0,36.2453,0.0004,1.2449,0.0067,0.0085,0.1608,0,0,0,0,0,0,0,0,0,0,0,0.0342,7.1857,1.4652,2.8904,2.9633,5.1437,2.0443,19.4475,8.9517,0,5.9049,4.7816,6.7714,0,0,0.6586,4.2855,0,57.4875,4.235,4.8851,0.5544,4.4499,3.6823,2.769,6.7838,13.7416,183.9895,9.8812,9.4344,3.4116,2.0077,5.5494,32.2709,30.49,4.6137,0.7663,1.4033,0.6055,0.9894,0.6089,1.0359,0.172,0.8462,0,0,0,4.9736,2.6057,5.1136,3.1579,8.4348,4.7456,0,3.2144,23.7793,0,0,0,0,0,0,4.4318,376.8099,5.1356,2.8241,5.2362,130.2511,31.5354,37.242,4.0007,26.2352,7.4055,0,3.5588,96.9736,0,0,45.8549,224.8996,160.396,0,115.8314,557.5163,486.0041,29.2788,2.285,,3.4397,0.9618,7.2593,11.7197,15.2171,0,0,887.5912,0,0,0,0,0,0,0,0,0,38.143,632.0988,0,0,0,0,,,,4.5666,2.3207,0,18.4417,0.1411,6.7283,2.6683,2.7128,7.3869,0,0,0,0,0,0,0,0,0,0,0,4.3224,2.4805,11.735,0.1096,0.0078,0.0026,7.116,0.532,406.562,76.08,0.4362,20.94,0.83,0.1734,9.6044,0.3526,81.9955,5.1505,1.091,1.3061,0.5391,0.1773,41.2733,,,,,,,,,529.1382,2.1146,8.83,0.4019,3.11,0.1101,1.6688,19.0059,0.0192,0.0077,0.0021,40.2536,0.4983,0.01,0.0026,2.0112,0.0192,0.0077,0.0021,40.2536,-1
Wafer-587,3020.4,2690.55,2171.8556,940.9917,1.2906,100,103.4733,0.1234,1.5227,0.0088,-0.0164,0.9688,200.5035,0,11.0309,414.3964,9.2883,0.9633,191.2152,12.4784,1.3841,-5277.25,2593.75,-1661.25,-643.75,1.3165,1.9743,7.2083,67.5333,2.5222,0.2199,3.4239,85.2505,8.7812,50.3349,64.0886,49.6651,66.1006,86.6597,119.2232,79.07,3.103,70,366.3036,9.5778,147.4355,757.4526,1.212,135.9509,1,649.69,206.2653,0,4.67,4.931,2836,0.9217,0.9471,4.4937,1.4373,367.2791,9.7331,128.8727,11.845,18.5627,25.7025,731.7501,0.8612,143.0327,1,639.1845,89.7828,,,0,0.0245,-0.0387,-0.0407,-0.0183,-0.0024,0.0813,-0.0313,0.0067,7.4292,0.1275,,2.3597,0.9863,1739.5951,0.1857,8358.4099,-0.0223,0.0046,-0.0023,-0.0001,0,0.1857,0,-0.449,-0.1758,0.0001,-0.0002,0.1631,-0.0088,0.0024,-0.0046,0.0022,-0.0691,-0.0241,,,,0.4603,0.9312,0,718.4783,0.9909,59.3269,0.5946,0.9784,6.3113,16,3.102,16.01,16.04,0.9176,2.747,0.5213,3.167,-0.0946,0.7975,0.9991,2.3257,1011.5203,43.8677,94,122.1,72,44.3999,182.999,0.1155,0,6.11,0.0059,0.0546,0.1235,0.0779,0.0124,5.3005,0,6.004,10.151,0.4421,0.0141,5.2222,0.22,0.0514,,,506,504,14186,2157,0.149,0.087,0.165,1.7,1.8,0.128,0.387,0.7017,0.0929,0.356,0.3964,0.3561,0.7394,0.2455,0.248,0,0,16.63,0.35,9.5,31.802,0.1491,6.26,0,20.19,60.745,0,0,0,0,0,0,0.25,9.13,12.91,0.774,11.76,22.54,9.13,11.968,39.286,0.2028,13.3,0,25.91,67.24,0,0.0863,0.0544,0.0286,0.0342,0.0725,0.0336,0.0848,0.0627,4.6714,0.0025,,0.0892,0.0008,75.0157,0.0364,352.8003,0,0.0181,0.0211,0,0,0,0,0,0,0,0,0,0.007,0.0053,0,0,0,0,,,,0.0154,0.0331,0,48.6412,0.0011,2.1089,0.0205,0.0035,0.5026,0,0,0,0,0,0,0,0,0,0,0,0.0627,25.317,6.3485,25.7894,42.6362,23.5387,17.7781,56.9252,0.0383,0,2.0414,0.0016,0.0216,0.0292,0.0247,0.004,1.9777,0,1.9044,3.6734,0.1379,0.0047,1.9453,0.0625,0.0166,,,216.6939,234.4659,6065.0011,947.7367,0.0647,0.0437,0.0735,0.691,0.4969,0.0407,0.1243,0.2774,0.0383,0.173,0.1621,0.173,0.2935,0.1054,0.1029,0,0,0,5.7578,0.0915,2.793,9.4302,0.0413,1.937,0,6.0024,17.409,0,0,0,0,0,0,0.0855,2.5557,3.9904,0.2887,3.0974,8.6023,2.5557,2.9377,10.9447,0.0621,3.529,0,8.0699,22.489,,,0,0.0232,0.0238,0.0128,0.0141,0.0219,0.0151,0.0446,0.0339,1.4896,0.0007,,0.0273,0.0003,24.794,0.0109,116.0499,0,0.0052,0.0062,0.0034,0.0019,0,0,0,0,0,0,0,0.0023,0.002,0,0,0,0,,,,0.0048,0.0114,0,14.8642,0.0004,0.5792,0.0076,0.0012,0.1676,0,0,0,0,0,0,0,0,0,0,0,0.0186,9.9911,1.9946,4.2656,4.0425,2.676,2.0443,19.4475,8.9517,0,5.9049,4.7816,3.5859,0,476.0886,1.2794,2.6436,0,54.4289,2.4496,4.7593,1.4643,2.731,1.7631,3.7164,9.5883,19.4313,853.9353,335.068,11.3179,4.4067,2.289,2.5173,71.3656,58.2112,11.3029,0.8231,1.0578,0.7073,0.6185,0.717,1.1186,0.2833,0.208,0,0,0,4.54,3.6543,6.4435,4.1985,12.3056,4.6046,0,3.1076,29.4499,0,0,0,0,0,0,5.5634,635.2304,3.515,7.9523,9.1253,190.2909,49.1846,46.5636,5.3688,23.5493,9.2986,0,4.0536,74.8918,0,352.7849,140.5685,70.3135,187.3973,0,41.3284,271.36,932.342,62.8785,1.9604,,3.779,0.0782,4.3123,19.614,4.2209,0,391.3514,902.6738,0,0,0,0,0,0,0,0,0,79.8859,224.3386,0,0,0,0,,,,3.3415,3.5538,0,6.77,0.1101,3.5547,3.4556,0.3565,7.9642,0,0,0,0,0,0,0,0,0,0,0,2.6971,2.5029,14.4719,0.1096,0.0078,0.0026,7.116,,,,,,,,,,,,,0.9751,0.3212,0.0592,32.9353,268.924,0.6869,8.05,0.1522,3.1715,0.0587,2.9934,22.1604,534.9636,2.1236,7.54,0.1155,2.6335,0.0377,1.4094,5.4377,,,,,0.4977,0.0136,0.0032,2.7372,0.0192,0.0077,0.0021,40.2536,-1
Wafer-588,3059.01,2641.11,2171.8556,940.9917,1.2906,100,103.4733,0.1234,1.4402,0.0035,-0.0001,0.9773,200.0096,0,8.8318,401.4761,9.3785,0.9721,190.6311,12.499,1.3886,-6474.25,3132,-4828.5,1553.75,0.9763,1.8782,5.0773,63.1889,3.3556,0.2282,4.6771,85.822,9.0776,50.4667,64.059,49.5333,66.995,86.8379,118.0494,77.92,3.758,70,352.8682,10.1234,147.5536,754.3429,1.2766,149.6264,1,650.0482,196.5345,0,4.615,4.863,2892,0.9296,0.9491,4.5889,-6.0445,355.8055,10.419,121.5091,20.0855,26.0445,34.9236,719.4193,0.8729,152.6482,1,629.9627,82.9712,,,0,0.0047,-0.0696,-0.0183,-0.0304,0.0105,-0.0907,-0.0209,0.0269,6.693,0.1373,,2.4005,0.9882,1676.8038,0.1947,9057.5901,0.0384,0.0009,-0.0007,0.0002,0,-0.2147,0,0.0967,-0.0307,0.0005,0,0.0637,-0.0082,0.0004,-0.001,0.0007,0.0608,-0.0051,,,,0.4643,0.9517,0,728.0219,0.9904,58.3078,0.5893,0.9669,6.2988,15.95,3.446,15.97,16.01,0.946,2.72,0.5424,3.064,-0.0946,0.7908,0.9989,2.3306,1010.6904,35.8235,136,182.9,122,44.3999,182.999,0.1155,0,6.11,0.0059,0.0578,0.1216,0.0791,0.0069,8.7274,0,6.632,6.676,0.7415,0.0081,8.3251,0.38,0.0326,0.0185,1317.5005,497,722,2563,49,0.109,0.091,0.031,2.6,0.6,0.053,0.185,0.5053,0.1245,0.3488,0.6077,0.3488,0.7835,0.284,0.329,0,0,17.58,0.266,7.47,27.628,0.1545,6.17,0,17.22,88.116,0,0,0,0,0,0,0.21,5.52,21.98,0.289,7.14,18.14,5.52,7.949,30.096,0.1772,14.3,0,18.14,69.179,0,0.0503,0.048,0.0407,0.0648,0.0377,0.0737,0.082,0.0792,5.7252,0.0039,,0.1074,0.0015,120.5182,0.0319,1268.3003,0,0.017,0.0144,0,0,0,0,0,0,0,0,0,0.004,0.0059,0,0,0,0,,,,0.0494,0.0032,0,137.8385,0.001,3.3714,0.0305,0.0194,0.5651,0,0,0,0,0,0,0,0,0,0,0,0.0333,34.706,2.5647,35.619,59.9086,47.3334,17.7781,56.9252,0.0383,0,2.0414,0.0016,0.0207,0.0299,0.021,0.0021,3.3588,0,2.3364,2.5679,0.2046,0.0026,3.2171,0.0964,0.0131,0.0067,365.5719,203.2361,316.7439,1200.696,20.1887,0.0465,0.0392,0.0139,0.8054,0.1944,0.0185,0.0496,0.1956,0.0507,0.1524,0.2187,0.1524,0.3197,0.1023,0.1264,0,0,0,5.4591,0.09,2.4596,7.6653,0.0409,1.7707,0,5.0501,25.1127,0,0,0,0,0,0,0.0664,1.7289,7.0319,0.0892,2.006,9.6267,1.7289,2.6258,9.3703,0.061,3.7009,0,5.7955,20.7861,,,0,0.0161,0.022,0.0168,0.0294,0.0103,0.0415,0.0435,0.0447,1.8221,0.0011,,0.0333,0.0005,40.6028,0.0119,349.7629,0,0.0048,0.004,0.0034,0.0017,0,0,0,0,0,0,0,0.0015,0.0021,0,0,0,0,,,,0.0139,0.0011,0,36.6243,0.0003,1.1027,0.0098,0.0071,0.1862,0,0,0,0,0,0,0,0,0,0,0,0.0102,11.6523,0.9118,5.7517,5.9791,4.6193,2.0443,19.4475,8.9517,0,5.9049,4.7816,4.0134,0,0,0.7016,4.3635,0,75.0921,1.6629,7.9059,0.8285,4.3672,3.0402,2.3469,7.6766,23.0524,53.0807,3.1537,11.1652,4.8449,0.6106,4.1146,17.8808,23.223,3.9554,0.5888,1.3711,0.6911,0.9487,0.7042,1.1695,0.327,0.2787,0,0,0,4.982,2.6276,5.0626,3.6625,12.1032,4.1236,0,2.649,44.8349,0,0,0,0,0,0,4.5762,91.322,6.1775,2.7738,5.8761,90.314,21.1945,22.7612,4.1834,20.2959,9.3679,0,2.8795,83.3771,0,0,68.9655,221.7984,213.1579,358.834,81.3017,393.2854,294.6977,85.5408,2.8398,,4.4723,0.1484,7.1874,16.3621,14.0026,0,0,0,0,0,0,0,0,0,0,0,0,48.5584,0,0,0,0,0,,,,10.6373,0.3342,0,18.9333,0.1035,5.7821,5.1765,2.0024,8.9721,0,0,0,0,0,0,0,0,0,0,0,1.4279,3.4339,7.1593,0.1096,0.0078,0.0026,7.116,2.5242,407.548,71.472,2.6285,16.11,0.95,1.0462,6.7984,0.3401,104.1347,3.9529,1.3292,0.9518,0.1031,0.0253,10.8294,,,,,,,,,530.8864,2.0458,8.46,0.2395,2.5319,0.0808,1.5936,11.7087,,,,,0.4981,0.0102,0.0023,2.0522,0.0192,0.0077,0.0021,40.2536,-1
Wafer-589,2993.11,2498.91,2171.8556,940.9917,1.2906,100,103.4733,0.1234,1.4701,-0.0181,-0.001,0.974,197.574,0,7.2066,405.593,10.5074,0.9747,187.0666,12.5218,1.4146,-6238.25,2995.75,-3918,1447.75,0.994,1.889,5.1643,69.7667,2.1222,0.1706,4.6494,85.9922,8.5334,50.2818,63.9469,49.7183,66.1932,86.8109,118.5424,78.33,3.342,70,361.0164,9.5782,144.8309,744.9226,0.8036,128.9064,1,634.7536,124.0325,0,4.61,4.869,2855,0.923,0.9466,4.5698,1.3791,362.8818,9.628,126.21,8.7061,18.6209,24.6273,720.2954,0.8423,141.15,1,630.2418,74.5354,,,0,0.0412,-0.0559,0.0089,-0.0263,0.0165,0.1093,-0.0066,0.0426,6.8964,0.1385,,2.3802,0.9884,1679.6377,0.1596,7574.11,0.2215,0.0018,0.0018,-0.0001,0,-0.475,0,1.0006,0.2883,0.0006,0.0012,-0.1669,-0.0101,-0.0039,-0.002,-0.0026,0.0059,-0.1196,,,,0.4255,0.967,0,626.2357,0.9908,59.3145,0.5879,0.9782,6.3087,16,3.102,16.01,16.04,0.9176,2.747,0.5213,3.167,-0.0946,0.7975,0.9991,2.3257,1011.5203,43.8677,122,73.9,59.5,44.3999,182.999,0.1155,0,6.11,0.0059,0.0903,0.0891,0.0827,0.0092,7.2764,0,2.725,11.417,1.5204,0.0278,6.6468,0.26,0.043,,,512,797,2001,141,0.126,0.089,0.137,2.9,1,0.091,0.191,0.845,0.0722,0.3487,0.8189,0.3488,0.802,0.1414,0.134,0,0,17.35,0.24,9.3,32.094,0.0765,4.98,0,16.42,22.882,0,0,0,0,0,0,0.257,9.93,24.29,0.822,14.56,18.1,9.93,10.112,40.109,0.4047,13.1,0,29.19,87.648,0,0.2677,0.1227,0.0376,0.104,0.1067,0.0593,0.0637,0.1636,3.284,0.0029,,0.0358,0.0014,124.1143,0.0399,1296.6997,0,0.0104,0.0282,0,0,0,0,0,0,0,0,0,0.0037,0.0051,0,0,0,0,,,,0.4289,0.0105,0,113.8476,0.0009,2.2376,0.0274,0.0038,0.5451,0,0,0,0,0,0,0,0,0,0,0,0.0627,25.317,6.3485,32.0936,26.235,18.1003,17.7781,56.9252,0.0383,0,2.0414,0.0016,0.0307,0.0207,0.0214,0.0028,2.221,0,0.8669,3.5934,0.4122,0.0081,2.0191,0.0743,0.0133,,,249.0641,337.6264,818.9835,58.3059,0.0518,0.0375,0.0605,1.0607,0.3153,0.0294,0.0559,0.3146,0.031,0.126,0.3176,0.126,0.3029,0.0598,0.0678,0,0,0,5.5712,0.0786,2.521,9.454,0.0228,1.3365,0,5.4213,8.0143,0,0,0,0,0,0,0.0868,3.0197,7.6048,0.2749,3.9549,10.8619,3.0197,2.8952,11.5541,0.1183,3.8878,0,8.8154,23.371,,,0,0.0803,0.0503,0.0165,0.0472,0.028,0.0294,0.0267,0.0805,1.1327,0.0009,,0.0129,0.0005,41.3583,0.0124,429.8591,0,0.0026,0.0076,0.0062,0.002,0,0,0,0,0,0,0,0.0012,0.002,0,0,0,0,,,,0.1089,0.0037,0,35.8743,0.0004,0.5924,0.0115,0.0013,0.1862,0,0,0,0,0,0,0,0,0,0,0,0.0186,9.9911,1.9946,5.6255,2.469,2.381,2.0443,19.4475,8.9517,0,5.9049,4.7816,6.1424,491.2474,0,0.9467,3.6829,0,37.8124,2.8149,14.4693,2.8513,3.5532,2.0764,3.0369,8.2074,26.6044,51.072,9.7393,12.6761,4.7115,2.6529,4.1567,47.1204,53.355,4.108,0.9826,0.8463,0.6935,1.2806,0.7016,1.2116,0.1629,0.113,0,0,0,4.8059,2.5057,6.4213,4.3084,9.5257,3.8633,0,2.5868,18.4484,0,0,0,0,0,0,5.6239,720.0396,6.6936,8.5376,11.5363,207.9,53.3271,41.0602,5.5684,48.0454,9.2809,0,4.6316,117.5925,0,650.0531,219.401,421.2885,395.4373,645.9327,54.2419,957.8947,383.8123,47.6189,2.0935,,1.5059,0.1446,7.3893,24.9819,17.1202,0,575.6458,0,0,0,0,0,0,0,0,0,0,36.6791,131.6129,0,0,0,0,,,,100.809,1.0867,0,18.1797,0.095,3.7724,4.6564,0.3913,8.6398,0,0,0,0,0,0,0,0,0,0,0,2.6971,2.5029,14.4719,0.1096,0.0078,0.0026,7.116,1.1842,410.14,81.894,0.4741,19.62,1.62,0.1827,8.8051,0.7947,40.0323,4.7837,1.9782,0.9799,0.4397,0.0728,44.8745,253.182,0.606,9.64,0.1458,3.9371,0.062,3.8075,24.0585,533.5636,2.0273,7.33,0.2854,2.4497,0.0818,1.3738,14.0761,0.0227,0.0149,0.0052,65.4831,0.4959,0.0126,0.0037,2.5402,0.0227,0.0149,0.0052,65.4831,-1
Wafer-590,2987.75,2574.53,2183.5,1099.0027,1.3593,100,104.4156,0.122,1.447,-0.0093,-0.0009,0.9645,203.9315,0,8.2945,409.0844,10.5935,0.9707,193.338,12.4618,1.4012,-6283.75,2996.25,-2862.5,1591,0.9923,1.882,5.1063,68.0556,2.4667,0.1869,4.6331,86.0936,8.5891,50.4484,64.1358,49.5516,66.0981,86.7366,119.1796,78.4,2.915,70,352.4827,10.169,142.7236,746.5666,1.2907,147.6145,1,642.8209,197.0315,0,4.624,4.858,2888,0.9329,0.9516,4.5834,-0.9618,353.5336,10.4077,121.7618,16.9445,20.9618,29.4926,717.074,0.8357,150.5809,1,625.8764,71.3977,,,0,-0.0052,-0.0483,-0.0031,-0.0186,0.0015,0.1133,-0.0383,0.0136,7.5678,0.1277,,2.4035,0.9876,1846.8055,0.1866,8834.0999,-0.0685,0.0043,-0.0032,-0.0001,-0.0001,0.1367,0,-0.42,-0.1088,0.0002,-0.0002,0.1693,-0.0059,0.0015,-0.0043,0.0031,-0.0964,-0.018,,,,,0.9461,0,757.6495,0.9907,59.2067,0.5881,0.9685,6.2939,16,3.102,16.01,16.04,0.9176,2.747,0.5213,3.167,-0.0946,0.7975,0.9991,2.3257,1011.5203,43.8677,88,209.6,173.7,41.4001,369.481,0.1662,0,7.35,0.0058,0.1194,0.0787,0.0909,0.0117,9.0142,0,6.39,8.494,0.3443,0.0083,8.7652,0.66,0.0334,,,394,631,3515,167,0.107,0.078,0.146,3.3,0.5,0.088,0.161,0.969,0.0613,0.4582,0.6485,0.4581,0.6511,0.1948,0.196,0,0,15.49,0.295,7.52,26.855,0.1128,9.49,0,21.9,64.071,0,0,0,0,0,0,0.19,8.49,19.54,0.322,8.89,22.19,8.49,8.457,31.069,0.3666,14.23,0,22.19,60.095,0,0.0656,0.0734,0.0327,0.0555,0.1936,0.0847,0.0685,0.0742,4.3392,0.0018,,0.0758,0.0017,118.2354,0.0334,1935.2998,0,0.0251,0.0217,0,0,0,0,0,0,0,0,0,0.0042,0.0029,0,0,0,0,,,,,0.0169,0,199.7626,0.0011,2.1614,0.0288,0.0252,0.4368,0,0,0,0,0,0,0,0,0,0,0,0.0627,25.317,6.3485,25.4787,69.7309,59.1923,16.3274,113.8179,0.0538,0,2.7493,0.0017,0.0433,0.021,0.023,0.0038,2.6207,0,2.1936,2.6271,0.1028,0.0028,2.5476,0.106,0.0105,,,161.2253,292.877,1489.8516,68.9299,0.0487,0.0343,0.0682,0.9541,0.1581,0.0287,0.054,0.3537,0.0228,0.1776,0.2316,0.1776,0.2742,0.0785,0.0757,0,0,0,6.1471,0.1122,2.6843,7.5488,0.0307,2.8083,0,6.3487,23.8422,0,0,0,0,0,0,0.0623,2.7883,5.9746,0.0961,2.4835,9.811,2.7883,3.1414,9.8513,0.0992,3.7531,0,6.5192,20.6019,,,0,0.0199,0.0389,0.0146,0.0259,0.041,0.0372,0.0293,0.038,1.4486,0.0005,,0.0241,0.0005,40.3438,0.0125,648.1057,0,0.0076,0.0065,0.0064,0.0027,0,0,0,0,0,0,0,0.0015,0.001,0,0,0,0,,,,,0.0059,0,64.991,0.0004,0.6255,0.0117,0.0084,0.1523,0,0,0,0,0,0,0,0,0,0,0,0.0186,9.9911,1.9946,4.1256,7.0153,6.7469,1.896,33.6197,12.2234,0,7.0392,4.7539,8.2518,846.2366,0,1.2173,4.4202,0,77.0386,2.0763,3.2503,0.8503,4.5336,5.2962,2.3808,6.2701,21.0597,122.7948,10.4965,10.7836,4.1445,2.8592,4.849,20.2703,47.0868,3.475,1.1255,0.7133,0.9083,1.0111,0.9245,0.9851,0.2246,0.1645,0,0,0,4.3945,2.901,5.2689,3.5971,8.7374,6.4289,0,3.4069,32.5182,0,0,0,0,0,0,4.1453,882.7032,5.5271,3.0939,7.3011,130.9566,40.5022,28.6749,4.3328,43.8631,9.4501,0,3.5454,84.1693,0,0,151.9669,0,298.3871,0,74.7243,178.7345,543.5897,57.3369,1.4099,,3.1529,0.1673,6.4022,17.9219,21.9072,0,579.5094,678.125,0,0,0,0,0,0,0,0,0,70.7368,198.2906,0,0,0,0,,,,,1.7906,0,26.3661,0.1151,3.6506,4.8927,2.5979,6.9407,0,0,0,0,0,0,0,0,0,0,0,2.6971,2.5029,14.4719,0.1096,0.0078,0.0026,7.116,2.0178,404.41,77.908,3.0839,16.25,1.54,1.2379,7.4594,0.6297,152.8315,4.0182,1.9767,0.9495,0.1103,0.0268,11.6115,,,,,,,,,534.9282,2.0004,8.17,0.262,2.9558,0.0814,1.5273,13.0969,,,,,0.498,0.0118,0.0033,2.3766,0.0227,0.0149,0.0052,65.4831,-1
Wafer-591,3004.71,2329.66,2217.8667,1275.0917,1.5487,100,105.2933,0.123,1.4256,-0.0125,0.0031,0.9659,198.0151,0,8.2822,410.5357,10.4994,0.9602,187.5158,12.4706,1.4168,-5422,2613,-4509.75,1276.75,1.2957,1.9783,7.2465,69.1333,1.9889,0.1682,3.3232,85.2764,8.7219,50.1373,63.8842,49.8627,66.1097,86.5265,118.534,76.78,3.629,70,353.5355,10.2761,134.6773,736.0633,1.3697,149.5118,1,637.7245,187.6445,0,4.624,4.858,2888,0.9329,0.9516,4.5834,1.6073,353.8645,10.5271,116.2845,15.5718,18.3927,25.9809,710.0824,0.8472,152.0036,1,622.1527,70.459,,,0,0.0154,-0.049,-0.0083,-0.0308,0.006,0.1018,-0.0283,0.0174,7.5259,0.1306,,2.3625,0.9882,1737.5329,0.1516,9025.0999,-0.0884,0.0001,-0.0017,0,0.0001,0.0051,0,0.1236,0.0186,-0.0002,0.0001,0.0852,-0.011,-0.0003,-0.0001,0.0017,0.0142,0.0017,,,,0.4412,0.9522,0,774.0379,0.9908,59.3308,0.5882,0.9662,6.4632,16,3.102,16.01,16.04,0.9176,2.747,0.5213,3.167,-0.0946,0.7975,0.9991,2.3257,1011.5203,43.8677,77,145.2,184.1,46.6001,196.969,0.3835,0,5.3,0.0042,0.137,0.0771,0.0881,0.016,6.1265,0,5.344,8.049,0.2336,0.0167,6.0823,0.21,0.0323,,,1123,466,2262,13149,0.032,0.132,0.499,3.2,1.2,0.134,0.645,0.6535,0.1224,0.3036,0.6321,0.3036,0.6848,0.1488,1.003,0,0,17.62,0.318,9.48,22.363,0.1221,4.36,0,16.19,47.61,0,0,0,0,0,0,0.19,8.32,17.8,0.23,8.38,18.45,8.32,10.038,30.933,0.1713,7.03,0,18.45,79.044,0,0.0773,0.0805,0.0347,0.0612,0.092,0.0292,0.0721,0.0696,3.7769,0.0014,,0.0729,0.0017,62.3217,0.017,841.4004,0,0.0109,0.0131,0,0,0,0,0,0,0,0,0,0.0048,0.0047,0,0,0,0,,,,0.1811,0.0054,0,82.3124,0.0012,2.2046,0.0209,0.0289,0.5922,0,0,0,0,0,0,0,0,0,0,0,0.0627,25.317,6.3485,20.3137,60.813,61.5322,16.1369,78.3914,0.1155,0,1.7522,0.0012,0.044,0.0203,0.0217,0.0051,2.0423,0,1.491,2.9162,0.0688,0.0056,2.0168,0.0585,0.0126,,,495.4237,215.9043,1062.2722,6397.843,0.0144,0.0548,0.218,0.8902,0.4137,0.04,0.195,0.2416,0.049,0.1362,0.2281,0.1362,0.2493,0.0688,0.4283,0,0,0,6.1799,0.0875,3.0042,6.4445,0.0335,1.3201,0,4.4512,15.4313,0,0,0,0,0,0,0.0623,2.8181,5.7515,0.0689,2.3074,7.8666,2.8181,3.3084,9.2349,0.0506,1.915,0,5.4703,22.7427,,,0,0.0232,0.0346,0.0164,0.026,0.0272,0.014,0.038,0.0379,1.3026,0.0005,,0.0228,0.0005,21.3848,0.0064,243.9149,0,0.003,0.0037,0.0023,0.0018,0,0,0,0,0,0,0,0.0018,0.0018,0,0,0,0,,,,0.0506,0.0018,0,24.5269,0.0004,0.6317,0.0075,0.0088,0.1875,0,0,0,0,0,0,0,0,0,0,0,0.0186,9.9911,1.9946,3.5472,4.8324,7.9024,2.1011,15.4474,24.7664,0,5.0336,3.4157,9.61,614.9551,0,1.6524,3.0939,0,64.5241,1.9606,2.2245,1.7426,3.2436,1.684,2.2791,20.7119,17.8339,50.158,0,2.4696,6.6726,6.8861,4.6287,60.3352,79.6565,19.4089,0.7663,1.4033,0.6055,0.9894,0.6089,1.0359,0.172,0.8462,0,0,0,4.9839,3.0946,7.039,3.0382,8.9126,2.9162,0,2.5387,25.3724,0,0,0,0,0,0,4.1453,517.6471,5.0302,2.1848,7.2065,118.4837,45.2353,38.6361,4.3563,20.2233,4.6249,0,2.9655,112.1844,0,501.9481,164.2019,416.8168,198.8627,0,28.6907,254.5455,399.4261,50.1847,1.0716,,3.0844,0.1708,3.5868,11.2126,9.3229,0,0,773.4317,0,0,0,0,0,0,0,0,0,43.7856,0,0,0,0,0,,,,41.0461,0.5704,0,10.6342,0.1224,3.7157,3.5448,2.9932,9.1633,0,0,0,0,0,0,0,0,0,0,0,2.6971,2.5029,14.4719,0.1096,0.0078,0.0026,7.116,1.1375,403.874,74.278,0.4175,21.25,0.93,0.2,8.8652,0.3866,36.6991,5.2615,1.2521,0.9308,0.128,0.0293,13.7543,,,,,,,,,510.2891,2.0217,435.57,1.3206,139.1348,0.3764,85.3575,65.3231,,,,,0.4982,0.012,0.003,2.4029,0.0227,0.0149,0.0052,65.4831,-1
Wafer-592,2931.4,2573.21,2171.8556,940.9917,1.2906,100,103.4733,0.1234,1.4002,0.0153,0.0065,0.9778,200.298,0,10.3117,409.3168,9.3242,0.9733,190.9738,12.4922,1.4127,-6286.75,3093.25,-3827,1466,0.9892,1.8782,5.0435,67.2556,2.7444,0.1987,4.6068,103.1082,23.1583,57.7421,74.8511,42.2579,67.199,87.0024,127.3944,77.9,3.552,70,353.9818,10.2315,138.9218,742.1627,0.8516,144.46,1,637.3636,120.3468,0,4.646,4.884,2882,0.9331,0.9513,4.5722,-2.5727,355.8918,10.5095,116.3491,12.8363,22.5727,28.7966,713.3661,0.9352,152.2864,1,624.5273,81.4196,,,0,-0.0016,-0.0297,-0.0669,-0.0187,0.0173,0.0903,-0.0295,0.0063,7.0211,0.1353,,2.443,0.9822,1822.5785,0.2222,9039.7301,-0.0476,0.0012,-0.0024,-0.0001,0.0001,0.0373,0,-0.0316,0.1116,-0.0001,0,0.0852,-0.0084,-0.0015,-0.0012,0.0024,-0.0172,-0.0168,,,,0.4659,0.928,0,709.405,0.9909,58.4076,0.5854,0.9752,6.2423,16,3.102,16.01,16.04,0.9176,2.747,0.5213,3.167,-0.0946,0.7975,0.9991,2.3257,1011.5203,43.8677,125,216.6,155.1,44.3999,182.999,0.1155,0,6.11,0.0059,0.0827,0.1201,0.0889,0.0073,8.5259,0,5.163,12.529,0.4723,0.0084,8.5573,0.46,0.0736,0.05,1101.9004,631,607,764,362,0.131,0.07,0.224,2.2,1.4,0.096,0.218,0.792,0.2011,0.16,0.4391,0.16,0.7855,0.3025,0.209,0,0,16.9,0.336,8.02,25.612,0.0392,4.67,0,14.78,22.799,0,0,0,0,0,0,0.223,5.33,19.07,0.461,5.76,18.47,5.33,5.799,27.636,0.2516,4.81,0,18.47,93.084,0,0.0769,0.0693,0.0277,0.0408,0.0843,0.0386,0.0917,0.0754,4.4725,0.0028,,0.0658,0.0031,139.5775,0.0291,1157.5996,0,0.0117,0.0152,0,0,0,0,0,0,0,0,0,0.004,0.006,0,0,0,0,,,,0.0131,0.0282,0,144.9867,0.0006,2.4907,0.0168,0.0058,0.5694,0,0,0,0,0,0,0,0,0,0,0,0.0627,25.317,6.3485,31.1663,68.8075,55.016,17.7781,56.9252,0.0383,0,2.0414,0.0016,0.026,0.0302,0.024,0.0022,3.2867,0,2.0891,3.519,0.1474,0.0027,3.2643,0.089,0.0247,0.0163,390.5079,272.9241,272.9669,334.1118,151.2283,0.0541,0.0324,0.0956,0.6502,0.4096,0.0343,0.0648,0.3219,0.0816,0.0645,0.1818,0.0645,0.2957,0.1215,0.089,0,0,0,5.8506,0.0909,2.4901,7.4156,0.0113,1.5826,0,5.1176,7.0797,0,0,0,0,0,0,0.0688,1.5208,6.3577,0.151,1.9921,8.5474,1.5208,1.7034,8.6436,0.0668,1.5745,0,5.7642,26.8824,,,0,0.0232,0.0302,0.0128,0.0191,0.0244,0.0161,0.046,0.0359,1.3952,0.0008,,0.0199,0.001,45.3788,0.0094,467.3214,0,0.0032,0.0047,0.0026,0.0038,0,0,0,0,0,0,0,0.0014,0.0021,0,0,0,0,,,,0.0033,0.0072,0,45.9658,0.0003,0.7342,0.0069,0.002,0.1785,0,0,0,0,0,0,0,0,0,0,0,0.0186,9.9911,1.9946,5.8044,7.389,6.0275,2.0443,19.4475,8.9517,0,5.9049,4.7816,5.9065,786.896,0,0.7417,4.2566,0,50.0692,3.061,5.0649,0.8581,4.4809,3.6823,5.2126,10.037,19.6234,19.9634,24.693,13.2424,3.7269,4.4414,3.2711,51.0121,48.3221,4.7322,0.7681,0.8684,0.2771,0.5866,0.3786,1.1689,0.3477,0.1641,0,0,0,4.7743,3.284,5.773,3.451,4.6061,3.2327,0,2.3189,18.9444,0,0,0,0,0,0,4.8773,207.1731,5.3584,4.3865,4.9506,143.8885,23.6126,20.1378,3.874,26.8993,3.1585,0,2.9574,114.3262,0,0,233.5299,41.3896,218.4739,488.3418,42.7227,310.8475,0,63.7013,2.0688,,2.6924,0.3193,7.6582,13.0793,12.8057,0,975,633.3333,0,0,0,0,0,0,0,0,0,47.7612,400,0,0,0,0,,,,2.8178,3.0439,0,20.4378,0.0646,4.2644,2.8678,0.5951,9.1223,0,0,0,0,0,0,0,0,0,0,0,2.6971,2.5029,14.4719,0.1096,0.0078,0.0026,7.116,1.0515,401.956,81.66,0.8175,20.04,2.23,0.3048,8.363,0.9183,77.7518,4.9856,2.7308,0.9795,0.3463,0.0644,35.3519,,,,,,,,,532.8618,1.9972,9.06,0.185,3.0312,0.0671,1.7003,9.2649,,,,,0.5051,0.0086,0.0025,1.7063,0.0227,0.0149,0.0052,65.4831,-1
Wafer-593,3108.56,2468.65,2201.0667,880.2317,1.4148,100,106.5478,0.1211,1.4385,-0.0171,0.007,0.9641,198.0647,0,11.0782,428.3274,9.6674,0.9692,188.3973,12.488,1.4232,-6590.75,2933.25,-3697.5,1281.75,0.985,1.8803,5.124,67.3778,2.9889,0.1982,4.6794,85.7833,8.7696,50.124,63.7482,49.876,66.4353,86.5639,118.7706,76.61,3.317,70,363.1218,9.7651,125.8255,721.0659,0.9086,136.2627,1,625.21,108.7042,0,4.639,4.902,2831,0.9312,0.9462,4.5462,3.3918,358.34,10.5443,109.2173,15.1773,16.6082,22.8177,698.2482,0.8285,142.4755,1,610.0327,79.5265,,,0,-0.0071,-0.0883,0.0343,-0.0643,0.0051,0.0087,-0.0135,-0.0153,7.1632,0.126,,2.4479,0.9848,1781.0447,0.202,8597.09,-0.1301,0.0011,-0.0021,0,0,-0.039,0,0.0437,0.053,0.0001,0,0.1122,-0.0104,-0.0007,-0.0011,0.0021,-0.0776,-0.0779,,,,,0.9273,0,717.5174,0.9908,59.1695,0.5972,0.9672,6.2714,15.98,3.511,16,15.97,0.9649,2.721,0.5848,3.07,0.615,0.8261,0.9985,2.3301,1009.1781,35.8829,108,198.9,186.7,44.6001,144.823,0.1649,0,5.25,0.0052,0.0941,0.0901,0.0924,0.011,5.0598,0,6.7,8.79,0.2033,0.0092,4.8632,0.25,0.0292,,,441,765,4020,70,0.135,0.103,0.15,3.5,0.7,0.057,0.159,0.34,0.1166,0.1596,0.4289,0.1596,0.5536,0.2124,0.887,0,0,17.77,0.346,5.27,26.35,0.0737,5.09,0,13.54,15.806,0,0,0,0,0,0,0.252,3.6,16.81,0.283,6.12,17.79,3.6,5.38,30.392,0.1761,7.78,0,17.79,76.999,0,0.0707,0.0576,0.1522,0.0079,0.0957,0.0476,0.0591,0.0413,4.6682,0.0007,,0.0642,0.0093,81.3291,0.0594,1186,0,0.017,0.0182,0,0,0,0,0,0,0,0,0,0.0029,0.0054,0,0,0,0,,,,,0.0397,0,111.4443,0.0007,1.1702,0.011,0.0243,0.6082,0,0,0,0,0,0,0,0,0,0,0,0.0287,27.439,4.0746,29.3266,67.326,58.6381,17.2911,53.4243,0.054,0,1.9148,0.0016,0.0325,0.0223,0.0237,0.0039,1.7098,0,2.1511,3.2262,0.0664,0.0032,1.662,0.0697,0.0105,,,186.7019,324.1423,1694.7567,29.9152,0.0559,0.0423,0.0688,1.0872,0.2147,0.0195,0.0481,0.122,0.0426,0.0669,0.1529,0.0669,0.2088,0.086,0.3701,0,0,0,5.1635,0.1266,1.6122,7.8228,0.0251,1.6404,0,3.7615,4.9159,0,0,0,0,0,0,0.0849,1.1956,5.6027,0.0978,1.8262,7.4113,1.1956,1.832,9.4162,0.054,2.4601,0,5.3102,24.272,,,0,0.022,0.0279,0.0647,0.0033,0.024,0.0196,0.0255,0.0177,1.6175,0.0003,,0.023,0.0023,24.7412,0.017,370.2169,0,0.0039,0.0057,0.0024,0.0017,0,0,0,0,0,0,0,0.0011,0.0021,0,0,0,0,,,,,0.0104,0,36.034,0.0003,0.3496,0.0047,0.0075,0.1983,0,0,0,0,0,0,0,0,0,0,0,0.0089,9.8814,1.3987,4.8324,6.3985,7.5628,2.0263,16.4528,11.6558,0,4.9274,4.2939,6.5418,528.2521,0,1.1369,2.5546,0,60.4792,2.0522,2.1028,0.9541,2.5813,2.0019,2.0497,6.6912,26.0803,108.7221,5.4613,13.7056,5.478,2.9274,5.1946,23.4201,28.7556,3.3978,0.3963,1.3293,0.3184,0.6728,0.32,0.8333,0.2454,0.7468,0,0,0,4.8937,3.5432,4.1883,3.6543,8.1111,3.7354,0,2.1657,14.5404,0,0,0,0,0,0,5.5431,106.1378,4.6911,2.6839,5.6035,117.2147,21.6761,23.5781,4.3526,21.2508,5.4606,0,2.9162,96.8219,0,993.1519,65.2691,443.7318,12.2814,0,548.7032,436.9686,269.9346,65.1698,0.5558,,2.622,0.9397,4.5664,29.3909,13.7954,0,0,853.9589,0,0,0,0,0,0,0,0,0,28.0193,757.8947,0,0,0,0,,,,,4.281,0,15.5319,0.0684,1.9778,1.8344,2.5162,9.6982,0,0,0,0,0,0,0,0,0,0,0,1.2312,2.7189,11.3553,0.1096,0.0078,0.0026,7.116,2.3764,410.158,72.164,5.5088,7.71,1.53,2.2586,3.8037,0.6249,231.816,1.8798,2.1202,0.9347,0.6253,0.1157,66.8955,264.272,0.5671,4.98,0.0877,2.0902,0.0382,1.8844,15.4662,532.21,2.2089,8.22,0.3725,2.9957,0.1226,1.5445,16.8636,,,,,0.5035,0.0462,0.0099,9.1841,0.0227,0.0149,0.0052,65.4831,-1
Wafer-594,3071.8,2517.65,2200.0666,1012.6747,1.3954,100,103.0644,0.1212,1.3949,0.0065,-0.0018,0.9665,201.0295,0,9.1238,399.5597,9.6269,0.9733,191.4026,12.5302,1.4134,-6386.75,2901.75,-3755.75,1479.75,0.995,1.867,5.113,67.2667,2.5111,0.1959,4.6716,84.6838,9.0425,50.7493,64.4947,49.2507,67.1943,86.8006,117.7228,,,70,352.8527,10.2662,138.9664,741.5961,1.2764,149.2955,1,641.1145,220.7255,0,4.627,4.861,2873,0.9362,0.9519,4.5591,-1.3773,353.5864,10.5226,117.5891,18.3509,21.3773,28.9871,712.609,0.8626,151.5882,1,622.7636,73.0989,,,0,-0.0202,-0.063,-0.0231,-0.0235,0.0257,-0.09,-0.0133,0.0096,8.5076,0.128,,2.4331,0.9878,1795.6614,0.2107,8543.9499,0.0818,0.0016,-0.0002,-0.0003,0,0.4212,0,-0.9094,0.0093,0.0001,-0.0004,-0.046,-0.0102,-0.0001,-0.0016,0.0002,-0.0183,-0.0391,,,,,0.96,0,752.2997,0.9904,58.6319,0.5988,0.966,6.419,15.71,4.332,15.74,15.74,1.295,2.535,0.7001,3.177,-0.2365,0.7159,0.998,2.2793,997.7034,37.1214,140,216.2,181.7,47.5,281.316,0.255,0,7.63,0.0054,0.1263,0.0969,0.0955,0.0144,6.8041,0,5.849,11.204,0.4352,0.0104,6.4955,0.35,0.0578,,,540,341,1271,93,0.064,0.053,0.178,3.2,0.8,0.083,0.087,0.5365,0.0788,0.3461,0.5934,0.3461,0.8211,0.3103,0.213,,0,18.82,0.15,6.89,23.796,0.1725,5.01,0,17.19,77.313,0,0,0,0,0,0,0.203,3.5,17.83,0.319,6.28,25.45,3.5,5.663,28.661,0.3719,15.2,0,25.45,105.781,0,0.1083,0.034,0.0262,0.0334,0.2053,0.1043,0.0849,0.0828,3.1712,0.0017,,0.0724,0.0023,118.0001,0.1798,1004.2998,0,0.008,0.0296,0,0,0,0,0,0,0,0,0,0.0047,0.0068,0,0,0,0,,,,,0.0082,0,106.4933,0.001,3.4118,0.0164,0.0272,0.4898,0,0,0,0,0,0,0,0,0,0,0,0.0985,24.748,4.3562,36.7818,71.4128,63.9839,16.5205,94.6441,0.083,0,2.5731,0.0015,0.0484,0.0265,0.0225,0.0047,2.1187,0,1.7777,2.8668,0.1332,0.0034,2.0243,0.0947,0.0204,,,253.0025,142.7617,547.6613,38.4046,0.0271,0.023,0.0727,0.922,0.2804,0.0225,0.0306,0.235,0.0334,0.1324,0.224,0.1324,0.3155,0.1269,0.0877,,,0,5.8336,0.0459,2.0554,7.0885,0.0433,1.6085,0,5.4618,26.3867,0,0,0,0,0,0,0.065,1.2289,5.8334,0.0973,1.7896,9.0421,1.2289,1.7671,8.3061,0.1009,3.8336,0,6.695,29.3204,,,0,0.033,0.0158,0.0111,0.015,0.0567,0.0554,0.0477,0.0403,1.0219,0.0005,,0.0246,0.0007,42.4408,0.0544,315.4662,0,0.0026,0.0066,0.0058,0.0054,0,0,0,0,0,0,0,0.0017,0.0022,0,0,0,0,,,,,0.0029,0,36.5703,0.0003,1.1137,0.0057,0.0085,0.1667,0,0,0,0,0,0,0,0,0,0,0,0.0342,7.1857,1.4652,6.4646,7.0382,7.217,2.159,27.7795,18.2747,0,7.4031,4.4537,9.0547,0,0,1.4887,3.3846,0,64.1069,2.8041,4.5202,1.0703,3.3936,2.7933,4.0887,8.455,11.7515,33.8414,6.2848,6.4322,2.8388,3.4813,4.7572,31.8584,42.371,1.8623,0.6335,0.8717,0.682,0.9201,0.7027,1.222,0.3575,0.1809,,,0,5.3337,1.4611,4.958,3.2087,13.5164,3.3558,0,2.6813,35.0268,0,0,0,0,0,0,4.4526,254.1254,5.0426,3.0316,5.3406,138.6856,16.3725,19.5363,4.022,43.1104,10.0272,0,4.0866,144.7094,0,537.1358,53.9255,113.5428,142.4307,799.2214,115.8567,639.548,862.5,37.2752,1.313,,2.9741,0.2308,6.5714,85.3121,11.7545,0,488.5496,0,0,0,0,0,0,0,0,0,0,45.9096,0,0,0,0,0,,,,,0.8588,0,14.1557,0.1034,5.8189,2.7375,2.814,7.6306,0,0,0,0,0,0,0,0,0,0,0,4.3224,2.4805,11.735,0.1096,0.0078,0.0026,7.116,0.7069,399.268,80.3,0.3551,16.28,1.62,0.1521,7.9121,0.667,50.2278,4.0775,2.0174,0.919,0.1361,0.0315,14.8109,264.272,0.5671,4.98,0.0877,2.0902,0.0382,1.8844,15.4662,533.4755,2.1902,9.08,1.3483,2.8292,0.383,1.702,61.5596,,,,,0.5015,0.0127,0.0035,2.5394,0.0227,0.0149,0.0052,65.4831,-1
Wafer-595,2989.44,2487.66,2201.0667,880.2317,1.4148,100,106.5478,0.1211,1.5301,-0.0023,0.002,0.9583,198.3662,0,10.5812,412.0818,9.7374,0.9649,188.6288,12.4876,1.4016,-5520.25,2793.5,-1442.75,-753,1.301,1.995,7.2592,69.8889,2.6556,0.2196,3.3863,86.3794,8.5615,50.4915,64.0756,49.5086,66.1344,86.8706,118.7712,79,3.478,70,371.7818,9.9652,131.5191,745.2466,1.3297,142.3436,1,645.6446,208.4155,0,4.693,4.938,2889,0.925,0.9503,4.435,2.0336,368.5255,10.4781,113.5527,16.4828,17.9664,25.8665,719.3801,0.982,147.0836,1,629.1618,87.1039,,,0,-0.0062,-0.0756,-0.0092,-0.0583,-0.0304,-0.0054,-0.0246,-0.0164,6.9402,,,2.3663,0.9908,1817.9758,0.1873,8582.24,-0.0363,0.0002,0.0008,0,0.0001,-0.0184,0,0.2198,0.0586,-0.0003,0.0001,0.0337,-0.0098,-0.0008,-0.0002,-0.0008,0.0897,0.038,,,,0.4571,0.9482,0,605.2483,0.9906,58.0149,0.5919,0.9754,6.1032,15.98,3.511,16,15.97,0.9649,2.721,0.5848,3.07,0.615,0.8261,0.9985,2.3301,1009.1781,35.8829,129,110.9,74.9,44.6001,144.823,0.1649,0,5.25,0.0052,0.071,0.0833,0.087,0.0162,5.0905,0,4.752,9.199,0.3093,0.0127,4.8123,0.34,0.0491,0.0328,1260.7998,650,251,7410,2039,0.075,0.112,0.167,2.5,1.1,0.133,0.478,0.7187,0.1334,0.34,0.5936,0.3401,0.68,0.2546,0.298,0,0,19.42,0.64,12.94,14.935,0.2,6.38,0,11.48,41.695,0,0,0,0,0,0,0.094,6.21,15.43,0.418,7.94,15.39,6.21,8.511,19.714,0.1529,6.54,0,15.39,73.149,0,0.1038,0.0899,0.0318,0.0389,0.4868,0.0077,0.0868,0.0485,1.9808,,,0.0729,0.0022,177.8818,0.1244,1227.0005,0,0.0165,0.0098,0,0,0,0,0,0,0,0,0,0.0032,0.0037,0,0,0,0,,,,0.0247,0.0214,0,152.814,0.0013,4.0774,0.0242,0.0104,0.4698,0,0,0,0,0,0,0,0,0,0,0,0.0287,27.439,4.0746,31.8096,38.3013,27.1837,17.2911,53.4243,0.054,0,1.9148,0.0016,0.0241,0.0195,0.0218,0.0052,1.7181,0,1.5565,3.0081,0.0895,0.0041,1.6531,0.0841,0.0164,0.0089,335.1032,314.2901,113.4563,3451.0237,944.8425,0.0306,0.0517,0.0748,0.8609,0.3358,0.0471,0.1717,0.296,0.0542,0.1293,0.2464,0.1294,0.2429,0.1011,0.1372,0,0,0,5.78,0.1942,3.9771,4.3522,0.0584,2.1428,0,3.4432,12.9195,0,0,0,0,0,0,0.0252,1.9086,5.899,0.1183,2.7318,7.5817,1.9086,2.4701,5.4948,0.0467,1.8346,0,3.9904,20.7342,,,0,0.032,0.0405,0.0138,0.0163,0.1213,0.0032,0.0447,0.0243,0.6907,,,0.0239,0.0007,50.6791,0.0368,329.205,0,0.0043,0.0031,0.0025,0.0024,0,0,0,0,0,0,0,0.0009,0.0013,0,0,0,0,,,,0.0067,0.0076,0,40.3116,0.0004,1.3006,0.0094,0.0042,0.1547,0,0,0,0,0,0,0,0,0,0,0,0.0089,9.8814,1.3987,5.7804,3.7097,3.0109,2.0263,16.4528,11.6558,0,4.9274,4.2939,4.6403,0,0,1.6919,2.5662,0,44.9099,2.2323,3.1767,1.3115,2.5512,2.7227,3.5038,11.7748,8.9851,513.6025,270.7835,5.7648,5.614,2.3005,3.5771,41.4226,60.5769,14.1156,0.832,1.5577,0.6734,0.9264,0.687,1.0282,0.2931,0.2509,0,0,0,5.2235,6.4224,9.8389,2.004,15.041,4.4821,0,1.7781,20.0057,0,0,0,0,0,0,2.1195,305.3643,4.187,3.9893,6.9923,93.3702,34.5646,32.9035,2.7404,15.574,4.4464,0,2.4461,83.979,0,0,118.876,343.7838,66.7525,0,142.5926,352.8455,295.7317,28.5405,,,3.0825,0.2228,9.7846,66.4229,14.297,0,0,0,0,0,0,0,0,0,0,0,0,32.57,469.8413,0,0,0,0,,,,5.4089,2.2581,0,25.2482,0.1339,7.0281,4.0865,1.0683,7.6969,0,0,0,0,0,0,0,0,0,0,0,1.2312,2.7189,11.3553,0.1096,0.0078,0.0026,7.116,1.4683,410.724,81.216,0.8137,22.56,1.14,0.3179,11.2273,0.5013,55.4171,5.4927,1.4037,0.9855,0.1502,0.0447,15.2466,263.43,0.697,8.92,0.202,3.891,0.0842,3.3861,28.9763,538.54,2.0768,5.3,0.3411,1.7213,0.0939,0.9842,16.4231,,,,,0.4933,0.0126,0.0032,2.5579,0.0227,0.0149,0.0052,65.4831,-1
Wafer-596,2996.89,2492.4,2217.8667,1275.0917,1.5487,100,105.2933,0.123,1.5455,-0.014,-0.0039,0.9752,203.7805,0,10.3926,414.5219,8.7181,0.9679,195.0624,12.5018,1.4089,-5529.25,2756.25,-3053.3333,2156.75,1.2808,2.0202,7.3818,66.6778,2.3222,0.1698,3.4666,86.6785,9.0121,50.5767,64.0904,49.4233,67.1173,86.6797,117.6884,79.05,3.395,70,357.1918,9.7372,141.1518,739.8839,1.3247,136.7245,1,635.0682,239.8566,0,4.609,4.842,2848,0.9288,0.9518,4.5186,1.5755,354.7336,10.2096,122.7273,11.4873,18.4245,25.849,714.0349,1.1398,146.12,1,623.5809,75.044,,,0,0.0109,-0.0601,-0.0147,-0.1077,0.032,-0.0907,-0.0334,-0.0225,7.9985,0.1388,,2.3909,0.973,1867.539,0.1972,8847.7601,-0.0969,0.0095,-0.0059,-0.0001,0,0.0976,0,-0.4096,-0.0753,0.0003,-0.0002,0.2511,-0.0067,0.001,-0.0094,0.0057,-0.227,-0.1977,,,,0.4649,0.9468,0,755.303,0.9908,59.2667,0.6045,0.9718,6.2612,15.96,3.099,15.97,16.02,0.9554,2.78,0.508,3.149,-0.4258,0.8222,0.9993,2.3297,1008.1258,39.2314,97,82.6,123.9,46.6001,196.969,0.3835,0,5.3,0.0042,0.0609,0.0736,0.1044,0.0084,5.1888,0,5.219,15.666,1.208,0.0103,4.5757,0.3,0.0508,,,439,120,6646,11528,0.086,0.135,0.14,2.4,1.7,0.167,0.55,0.7555,0.1141,0.3622,0.6073,0.3622,0.6522,0.2826,0.218,0,0,18.69,0.724,13.41,36.583,0.093,9.83,0,23.01,56.806,0,0,0,0,0,0,0.255,7.06,18.95,0.424,13.93,21.72,7.06,9.312,35.759,0.2107,11.81,0,21.72,71.561,0,0.0843,0.0452,0.0221,0.005,0.0836,0.0984,0.0846,0.0295,3.1886,0.0028,,0.0757,0.1021,106.03,0.0215,1052.8008,0,0.0291,0.0341,0,0,0,0,0,0,0,0,0,0.0086,0.0029,0,0,0,0,,,,0.0191,0.0116,0,116.187,0.0007,2.0789,0.0196,0.0181,0.3626,0,0,0,0,0,0,0,0,0,0,0,0.0398,25.455,4.0323,26.585,22.4813,39.7869,16.1369,78.3914,0.1155,0,1.7522,0.0012,0.0225,0.0176,0.0261,0.0026,1.8383,0,1.4793,4.1082,0.3471,0.0033,1.6032,0.0843,0.0181,,,201.8587,53.668,3325.5608,5917.5007,0.036,0.063,0.0669,0.9148,0.5286,0.0528,0.1548,0.2843,0.0449,0.1414,0.2235,0.1414,0.2497,0.1165,0.0792,0,0,0,5.8708,0.2177,3.466,10.9333,0.0302,2.5016,0,6.9956,18.0922,0,0,0,0,0,0,0.0833,1.9342,5.4416,0.1372,3.8091,10.2893,1.9342,2.6957,11.7117,0.0786,3.5792,0,6.9481,23.9308,,,0,0.0258,0.0213,0.009,0.002,0.024,0.0532,0.0457,0.0122,1.1248,0.001,,0.024,0.0322,35.0071,0.0078,350.3546,0,0.0088,0.0105,0.0028,0.0015,0,0,0,0,0,0,0,0.0027,0.0012,0,0,0,0,,,,0.0058,0.0035,0,37.2432,0.0002,0.558,0.0084,0.0058,0.1255,0,0,0,0,0,0,0,0,0,0,0,0.0118,10.0448,1.3373,4.3908,2.7562,4.9711,2.1011,15.4474,24.7664,0,5.0336,3.4157,3.9405,525.0111,0,0.8622,2.5463,0,50.2182,3.7793,13.8558,1.0662,2.3458,2.3996,3.6036,7.9396,4.3537,217.6638,534.5079,6.7148,6.6823,1.8966,3.5994,73.2057,98.3639,15.8659,0.8716,1.2662,0.7161,0.9476,0.7329,0.9717,0.326,0.1852,0,0,0,5.2325,7.4354,9.5004,4.9444,7.022,7.1896,0,3.6232,23.6833,0,0,0,0,0,0,5.6434,448.1244,5.342,4.1529,11.3504,189.0787,38.3185,36.0245,5.008,18.4845,8.0824,0,3.4831,95.3587,0,772.9513,75.1767,150.5963,4.6414,261.301,108.4596,253.6732,130.9656,39.8656,2.0475,,3.1675,10.4911,5.6775,10.9028,11.8991,0,306.1144,578.579,0,0,0,0,0,0,0,0,0,129.0807,286.4198,0,0,0,0,,,,4.1004,1.2217,0,15.3828,0.0671,3.5077,3.2503,1.8647,5.7909,0,0,0,0,0,0,0,0,0,0,0,1.7101,2.525,10.2782,0.1096,0.0078,0.0026,7.116,0.5933,406.792,78.102,0.4412,15.88,1.02,0.1762,7.7449,0.3751,74.374,3.9037,1.306,0.9697,0.1226,0.0349,12.6436,264.272,0.5671,4.98,0.0877,2.0902,0.0382,1.8844,15.4662,531.3891,2.0882,8.08,0.3356,2.5986,0.0923,1.5205,16.0712,,,,,0.5071,0.0123,0.0038,2.4294,0.0227,0.0149,0.0052,65.4831,-1
Wafer-597,2990.85,2485.99,2167.9444,861.8041,1.414,100,106.6033,0.1243,1.4647,-0.0212,0.0009,0.9662,204.1112,0,11.0871,420.1573,9.5734,0.9719,194.5378,12.488,1.397,-6454.5,2879.25,-4047,1253.25,0.989,1.8885,5.173,67.8111,2.3667,0.1891,4.7067,85.7881,8.77,50.0774,63.708,49.9226,66.4683,86.5202,118.8018,76.89,3.21,70,366.8991,10.1516,124.6173,729.1378,1.4197,140.0336,1,631.55,207.0436,0,4.53,4.754,2917,0.9238,0.9527,4.5321,2.5336,362.1582,10.8157,107.1509,19.2555,17.4664,24.25,704.8878,1.0324,142.9855,1,612.2945,94.7029,148.2662,464.0284,0,0.0027,-0.0328,0.0018,-0.0841,-0.0086,0.0022,-0.0253,-0.0286,7.3248,0.1343,,2.4299,0.9641,1858.9403,0.1665,8796.9399,-0.1119,0.0027,-0.0013,-0.0001,0,0.0934,0,-0.1594,-0.0074,0,-0.0001,0.0799,-0.0113,0.0001,-0.0026,0.0013,-0.0848,-0.048,,,,0.4621,0.951,0,766.2541,0.9906,57.4956,0.5939,0.8483,6.1588,15.98,3.511,16,15.97,0.9649,2.721,0.5848,3.07,0.615,0.8261,0.9985,2.3301,1009.1781,35.8829,382,72.4,85.6,64.7998,149.535,0.2209,0,6.97,0.0069,0.0589,0.1118,0.0888,0.0109,8.8629,0,4.656,16.589,0.9109,0.0083,8.087,0.25,0.0358,,,453,617,2867,160,0.132,0.111,0.059,3.2,1.2,0.12,0.117,0.6514,0.1196,0.3098,0.5767,0.3098,0.6984,0.1505,0.946,0,0,18.73,0.591,21.58,15.653,0.236,30.22,0,28.4,45.531,0,0,0,0,0,0,0.101,14.5,16.42,0.34,8.3,11.24,14.5,14.029,16.501,0.1067,6.89,0,11.24,69.121,0,0.1127,0.0833,0.0154,0.0303,0.1061,0.0595,0.1108,0.0507,3.2285,0.0041,,0.0335,0.0122,123.4944,0.0235,1671.0996,0,0.0141,0.0167,0,0,0,0,0,0,0,0,0,0.0047,0.0063,0,0,0,0,,,,0.0135,0.0178,0,156.9562,0.0014,4.147,0.0298,0.0559,0.4051,0,0,0,0,0,0,0,0,0,0,0,0.0287,27.439,4.0746,63.9084,27.4634,26.6976,23.6129,51.3009,0.0864,0,2.2662,0.0019,0.0221,0.0273,0.0229,0.0036,2.5803,0,1.4055,4.7047,0.2478,0.0027,2.3503,0.0697,0.0124,,,185.8324,277.8109,1260.2611,69.8063,0.0557,0.0463,0.0279,0.9034,0.3606,0.0381,0.0381,0.2342,0.0545,0.1199,0.2069,0.1199,0.2535,0.0644,0.3924,0,0,0,5.6773,0.1476,6.261,4.4057,0.0704,8.7298,0,6.8218,13.5366,0,0,0,0,0,0,0.0278,3.9804,4.9011,0.1028,2.7904,9.1016,3.9804,3.9832,4.5422,0.0378,2.12,0,3.0093,22.0261,3.4117,2.527,0,0.0401,0.0345,0.0065,0.0135,0.0285,0.0271,0.0588,0.0264,1.2981,0.0011,,0.0104,0.0051,49.1998,0.0092,452.6006,0,0.0045,0.0049,0.0031,0.0023,0,0,0,0,0,0,0,0.0016,0.0023,0,0,0,0,,,,0.004,0.0054,0,41.8523,0.0004,1.3837,0.0097,0.0161,0.1344,0,0,0,0,0,0,0,0,0,0,0,0.0089,9.8814,1.3987,17.4781,2.4207,3.4433,2.989,17.3514,15.6198,0,6.5383,5.549,4.0213,526.8925,0,1.1293,4.3422,0,41.9948,3.9483,9.5145,0.8584,4.157,2.0019,2.5598,7.0184,21.4292,70.8426,12.7668,13.3468,5.8777,1.1405,4.719,50.7042,63.4548,2.4858,0.7593,1.364,0.6186,0.9052,0.6206,1.0507,0.1739,0.7963,0,0,0,5.1049,5.8217,17.317,2.1468,16.6216,21.5805,0,4.4969,21.991,0,0,0,0,0,0,2.2285,572.3,4.5339,3.1436,7.7461,58.373,83.0167,57.8517,2.3409,10.3326,4.8187,0,1.8357,72.9872,0,0,254.3511,843.8356,36.0178,0,0,437.5123,177.1179,44.0758,3.0526,,1.3767,1.266,6.6433,14.0957,18.9964,0,527.1028,0,0,0,0,0,0,0,0,0,0,41.6851,0,0,0,0,0,,,,2.9112,1.8734,0,20.4836,0.1439,7.2127,5.0201,6.5899,6.5783,0,0,0,0,0,0,0,0,0,0,0,1.2312,2.7189,11.3553,0.1096,0.0078,0.0026,7.116,,,,,,,,,,,,,0.9364,0.1184,0.0323,12.6465,250.022,0.5969,4.82,0.0916,1.8028,0.0409,1.9278,15.3518,535.4364,2.0862,6.23,0.2627,2.2294,0.0738,1.1635,12.593,,,,,0.5015,0.013,0.0042,2.5884,0.0227,0.0149,0.0052,65.4831,-1
Wafer-598,3059.43,2473.55,2214.9333,1663.7024,1.0203,100,100.4456,0.1247,1.4262,-0.0209,0.002,0.9769,201.5588,0,9.932,411.5461,8.9606,0.9804,192.5982,12.499,1.4261,-5566.5,2568.75,-2452.6667,4733,1.3177,1.98,7.3035,66.4444,2.2111,0.184,3.3991,84.2049,8.7662,50.2158,64.006,49.7842,66.4953,86.5018,118.878,75.71,3.408,70,361.7927,9.5821,137.2564,734.7501,0.8385,132.56,1,631.6091,126.6663,0,4.642,4.89,2843,0.9302,0.9492,4.5729,-1.7327,364.5973,9.9762,115.5236,12.5951,21.7327,26.7697,707.9804,0.991,140.1627,1,620.2836,97.3683,155.9925,464.2912,0,0.0122,-0.0477,-0.0222,-0.0333,0.038,-0.0062,-0.0185,0.0372,7.4973,0.1368,,2.4145,0.9645,1681.6427,0.163,9473.93,-0.0286,0.0019,-0.0001,-0.0001,0,0.1062,0,-0.1698,0.0056,-0.0001,-0.0001,-0.0458,-0.0088,-0.0001,-0.0018,0.0001,-0.1188,-0.0616,,,,,0.9326,0,818.2537,0.9909,58.5018,0.5996,0.9686,6.259,15.96,3.267,15.98,16.02,1.068,2.726,0.566,3.255,0,0.8258,0.9991,2.3341,1010.6104,38.3052,109,131.6,141.9,54.5,221.54,0.1771,0,6.22,0.0049,0.1018,0.0541,0.0498,0.0083,8.1929,0,6.121,22.223,1.0615,0.0061,7.1314,0.38,0.045,,,1167,290,2913,734,0.1,0.126,0.077,2.5,1.4,0.167,0.356,0.48,0.0611,0.3386,0.7437,0.3386,0.7309,0.1876,0.918,0,0,17.39,0.395,9.37,29.628,0.0553,3.94,0,19.57,13.689,0,0,0,0,0,0,0.255,5.74,18.65,0.837,9.21,17.85,5.74,5.14,29.21,0.139,8.02,0,20.42,54.412,0,0.0696,0.0322,0.1021,0.1059,0.5301,0.0678,0.0501,0.1275,2.3236,0.0036,,0.0282,0.0068,164.9443,0.0349,845.0996,0,0.016,0.0149,0,0,0,0,0,0,0,0,0,0.0062,0.0063,0,0,0,0,,,,,0.0171,0,78.0714,0.001,2.1763,0.0346,0.0188,0.4622,0,0,0,0,0,0,0,0,0,0,0,0.0357,35.267,2.1794,29.2832,41.288,46.8428,17.4355,69.6241,0.0587,0,1.6772,0.0015,0.0286,0.0141,0.0154,0.0025,2.7877,0,1.9534,6.165,0.2979,0.0019,2.5628,0.0964,0.0163,,,543.0497,141.269,1482.6842,519.0164,0.0476,0.0569,0.0341,0.7634,0.4622,0.0496,0.1206,0.1932,0.0286,0.1268,0.2696,0.1268,0.2642,0.0691,0.3634,0,0,0,5.9265,0.1008,2.6864,8.503,0.0168,1.2917,0,6.2614,4.0484,0,0,0,0,0,0,0.0858,2.035,5.8678,0.3377,2.5401,9.1898,2.035,1.7388,9.0731,0.0419,2.0889,0,6.4233,16.3538,5.397,2.6905,0,0.0224,0.0152,0.0472,0.0524,0.1252,0.0326,0.0249,0.0682,0.7682,0.0012,,0.0094,0.0023,50.0377,0.0093,244.7065,0,0.0054,0.0042,0.0032,0.0023,0,0,0,0,0,0,0,0.0024,0.002,0,0,0,0,,,,,0.0058,0,22.9644,0.0003,0.549,0.0114,0.0069,0.1523,0,0,0,0,0,0,0,0,0,0,0,0.012,12.6744,0.7079,5.0503,4.3015,5.7367,2.4606,13.3161,17.36,0,6.1924,3.928,7.1378,258.3881,0,0.847,4.0648,0,61.6291,5.3999,11.8462,0.622,3.7027,3.0402,3.1562,20.9647,11.2895,118.7687,15.5081,7.5887,6.3636,1.0543,3.7625,63.3166,90.7609,10.4733,0.57,0.6965,0.6743,1.1619,0.6801,1.0992,0.2169,0.7722,0,0,0,4.8066,4.1223,6.8266,4.0324,6.5951,2.9722,0,3.0984,10.8071,0,0,0,0,0,0,5.5763,331.2697,5.1152,8.39,7.9724,141.722,26.4118,19.2008,4.1258,14.0244,5.7219,0,3.292,55.8827,0,572.2508,67.4699,458.8764,318.018,0,0,270.8108,342.2819,30.9922,2.6314,,1.169,0.7069,9.8085,21.3944,8.9203,0,850.4983,0,0,0,0,0,0,0,0,0,0,70.4545,0,0,0,0,0,,,,,1.8375,0,9.5412,0.1006,3.7201,5.7727,1.9398,7.3841,0,0,0,0,0,0,0,0,0,0,0,1.5316,3.4897,5.6896,0.1096,0.0078,0.0026,7.116,,,,,,,,,,,,,1.4648,0.6839,0.2068,46.6919,250.684,0.7897,8.52,0.2262,3.4755,0.0916,3.3987,28.6441,531.4073,2.0161,8.05,0.3213,2.8487,0.1038,1.5148,15.9361,0.03,0.0326,0.0114,108.6076,0.4973,0.0073,0.0017,1.4716,0.03,0.0326,0.0114,108.6076,-1
Wafer-599,3024.54,2420.25,2167.9444,861.8041,1.414,100,106.6033,0.1243,1.4849,-0.0072,-0.0033,0.9771,197.6563,0,9.602,423.7206,9.5974,0.9806,188.0589,12.5602,1.4118,-6374.5,3091.5,-3889.5,1487.25,0.9792,1.8952,5.1683,69.4778,2.7111,0.192,4.6828,86.931,8.8384,50.3353,64.0776,49.6647,66.3401,87.0242,118.7636,78.29,3.692,70,350.3345,10.276,135.8609,733.2725,0.8961,144.9482,1,631.1436,116.2465,0,4.625,4.848,2875,0.9346,0.9541,4.6195,-5.1655,353.3918,10.6792,110.6955,16.1227,25.1655,30.3892,702.8834,1.1177,150.9336,1,615.0209,102.7565,,,0,0.0155,-0.0609,-0.0054,-0.0219,0.0028,-0.0079,-0.0154,0.0137,7.7116,0.1292,,2.4463,0.9808,1772.7789,0.1542,8761.1898,-0.0052,0.0037,-0.0019,0,0.0007,0.2623,0,-0.0419,0.0167,0.0012,0.0002,0.0372,-0.011,-0.0002,-0.0037,0.0019,0.0211,-0.0211,,,,0.4617,0.9603,0,757.3874,0.9909,59.0348,0.5934,0.972,6.2844,15.97,3.673,15.99,15.98,0.9554,3.351,0.6479,3.521,0,0.7987,0.9988,2.3375,1010.9003,39.6757,131,164.6,171.1,64.7998,149.535,0.2209,0,6.97,0.0069,0.1074,0.0944,0.0849,0.0072,6.0424,0,6.289,11.021,0.2837,0.0053,5.8402,0.33,0.0705,,,585,648,1650,138,0.083,0.099,0.114,3,0.5,0.095,0.156,0.6676,0.0991,0.383,0.6328,0.383,0.7611,0.3417,0.222,0,0,15.89,0.289,8.15,22.899,0.0912,4.79,0,14.25,17.598,0,0,0,0,0,0,0.217,4.2,17.05,0.415,8.89,12.56,4.2,4.343,24.589,0.1125,5.57,0,12.56,63.68,0,0.0945,0.1213,0.0644,0.0454,0.0761,0.0487,0.0923,0.0629,2.8265,0.0016,,0.0512,0.0658,134.4961,0.0457,740.8008,0,0.0549,0.0117,0,0,0,0,0,0,0,0,0,0.0052,0.0054,0,0,0,0,,,,0.0226,0.0119,0,62.6786,0.0011,2.5849,0.024,0.0178,0.563,0,0,0,0,0,0,0,0,0,0,0,0.0285,25.037,2.8397,33.4829,54.257,55.6461,23.6129,51.3009,0.0864,0,2.2662,0.0019,0.0315,0.022,0.024,0.0023,2.0054,0,2.0923,3.1362,0.0953,0.0016,1.956,0.0952,0.0281,,,260.5718,272.5638,713.2954,61.3046,0.0346,0.0407,0.0559,0.8857,0.1691,0.0287,0.0524,0.2717,0.0426,0.1532,0.2378,0.1532,0.2791,0.1463,0.0951,0,0,0,5.957,0.0925,2.5843,6.6196,0.0257,1.9089,0,4.4174,5.4994,0,0,0,0,0,0,0.0639,1.1659,5.405,0.1128,2.7013,7.7324,1.1659,1.3847,7.1246,0.0366,1.9406,0,3.7168,22.9235,,,0,0.0252,0.0495,0.0267,0.0221,0.022,0.0204,0.0482,0.03,1.2377,0.0006,,0.0147,0.0202,43.9416,0.015,260.0709,0,0.013,0.0036,0.012,0.0056,0,0,0,0,0,0,0,0.0016,0.0018,0,0,0,0,,,,0.0056,0.0033,0,23.0757,0.0003,0.7461,0.0081,0.0056,0.1825,0,0,0,0,0,0,0,0,0,0,0,0.0105,9.3532,1.0814,5.908,5.4421,7.0695,2.989,17.3514,15.6198,0,6.5383,5.549,7.2327,0,0,0.7392,3.057,0,65.4968,2.601,2.9559,0.5448,3.1055,2.6273,4.9951,9.1772,20.9607,42.4219,9.2789,8.4759,5.2236,2.2058,4.3179,18.4426,49.4792,3.3314,0.768,1.121,0.7609,0.9876,0.7712,1.1473,0.3926,0.1869,0,0,0,4.5357,2.8124,5.9988,3.1228,10.1821,3.3046,0,2.2578,15.1385,0,0,0,0,0,0,4.6975,81.3094,4.8247,3.8861,8.031,77.9026,16.6895,14.2912,3.4983,10.063,3.6904,0,2.0422,61.9717,0,610.9091,199.0156,0,207.5429,0,616.4557,599.3506,459.1241,36.6529,1.2384,,2.0946,6.7055,7.5867,29.6426,8.4555,0,0,622.3404,0,0,0,0,0,0,0,0,0,47.3804,0,0,0,0,0,,,,4.8984,1.2437,0,8.2756,0.1138,4.3787,4.0411,1.8364,8.9594,0,0,0,0,0,0,0,0,0,0,0,1.2172,2.4767,7.1573,0.1096,0.0078,0.0026,7.116,0.8014,407.326,81.788,0.543,15.14,1.64,0.219,6.5229,0.6872,67.7548,3.7169,2.0052,0.978,0.1339,0.0362,13.6884,250.704,0.893,4.97,0.1734,2.3512,0.0761,1.9824,19.413,533.7309,2.1724,8.35,0.3156,2.8652,0.1189,1.5645,14.5294,,,,,0.5006,0.0068,0.0018,1.3667,0.03,0.0326,0.0114,108.6076,-1
Wafer-600,3069.44,2459.5,2183.5,1099.0027,1.3593,100,104.4156,0.122,1.5549,-0.013,0.0074,0.964,203.8706,0,9.2649,404.2915,9.7467,0.9704,194.124,12.5218,1.3873,-6381.5,3194,-5036,1434,0.9695,1.8878,5.0385,67.6444,2.7556,0.1923,4.6329,84.9334,8.5459,50.4349,64.1179,49.5651,66.2647,86.6954,118.4652,77.72,2.013,70,353.7436,10.1677,142.8709,746.9045,0.8539,144,1,640.6145,116.5322,0,4.646,4.884,2882,0.9331,0.9513,4.5722,-5.0027,356.4282,10.5372,117.8682,16.0554,25.0027,30.9658,715.9386,0.917,150.2627,1,624.5591,74.6953,,,0,0.0093,-0.091,-0.0636,-0.0385,0.009,-0.0135,-0.0271,0.0492,7.4422,0.1439,,2.4231,0.9834,1816.7076,0.1618,8878.2698,-0.0227,-0.0004,-0.0039,-0.0003,0,0.3466,0,-0.6984,0.0902,0,-0.0003,0.0777,-0.0092,-0.0012,0.0004,0.0039,0.0381,0.0783,,,,0.4639,0.9454,0,733.6039,0.9909,58.7099,0.5922,0.9764,6.2537,15.98,3.511,16,15.97,0.9649,2.721,0.5848,3.07,0.615,0.8261,0.9985,2.3301,1009.1781,35.8829,117,89.1,75.9,41.4001,369.481,0.1662,0,7.35,0.0058,0.1163,0.0883,0.0939,0.0116,8.4366,0,9.329,12.32,0.9452,0.0081,7.6406,0.26,0.0366,0.0684,840.7998,284,762,7303,257,0.116,0.062,0.155,2.6,1.2,0.091,0.136,0.9273,0.1506,0.396,0.5927,0.396,0.5986,0.3631,0.193,0,0,17.61,0.316,7.21,26.79,0.0808,4.14,0,14.93,24.345,0,0,0,0,0,0,0.223,4.52,21.92,0.298,6.86,20.04,4.52,5.622,27.94,0.2463,3.77,0,20.04,85.224,0,0.1167,0.0979,0.0378,0.0831,0.0811,0.0342,0.0893,0.1087,4.1804,0.0024,,0.0402,0.0042,116.4287,0.0317,802.7002,0,0.0107,0.0273,0,0,0,0,0,0,0,0,0,0.0049,0.0037,0,0,0,0,,,,0.0288,0.0218,0,95.8044,0.0013,3.4263,0.0216,0.0054,0.6086,0,0,0,0,0,0,0,0,0,0,0,0.0287,27.439,4.0746,30.3453,30.6645,28.4074,16.3274,113.8179,0.0538,0,2.7493,0.0017,0.0374,0.0207,0.0227,0.0039,2.513,0,2.6253,4.3268,0.2571,0.0027,2.2794,0.0743,0.0113,0.019,227.7602,130.2421,324.9892,2985.9066,122.977,0.048,0.0264,0.0634,0.8323,0.3504,0.0346,0.0475,0.3312,0.0536,0.1565,0.236,0.1565,0.2619,0.1319,0.0763,0,0,0,6.2772,0.1096,2.3086,7.5556,0.0252,1.3759,0,4.8389,8.3794,0,0,0,0,0,0,0.0688,1.529,6.5613,0.0736,2.1383,8.5234,1.529,1.6565,8.674,0.074,1.2691,0,6.5962,28.0703,,,0,0.0273,0.0459,0.0155,0.0407,0.0222,0.0147,0.049,0.0576,1.4269,0.0008,,0.0145,0.0012,36.8122,0.0114,235.7157,0,0.0035,0.0062,0.0051,0.0039,0,0,0,0,0,0,0,0.0018,0.0012,0,0,0,0,,,,0.0084,0.0063,0,26.7877,0.0004,0.9358,0.0076,0.0017,0.1924,0,0,0,0,0,0,0,0,0,0,0,0.0089,9.8814,1.3987,5.3879,2.9028,3.086,1.896,33.6197,12.2234,0,7.0392,4.7539,7.4795,678.9044,0,1.2012,4.1382,0,100.6918,3.0473,9.6982,0.8324,3.9359,2.0764,2.6375,4.4504,23.8572,145.0159,17.9219,11.9649,3.2843,3.0763,3.8436,43.5484,47.3137,2.9355,1.0918,1.7625,0.7852,0.9244,0.7989,0.9033,0.4188,0.1629,0,0,0,4.9782,3.1079,5.0465,3.5868,9.4665,2.875,0,2.3306,20.8912,0,0,0,0,0,0,4.8773,90.3507,6.1499,2.8281,5.8201,124.8179,18.078,18.1556,3.9026,26.8557,2.5089,0,3.2087,114.0956,0,0,107.6416,59.3873,215.8442,902.9923,253.8033,330.1294,220.8228,56.1714,1.6683,,1.6586,0.4279,6.4088,19.592,9.0412,0,0,702.2508,0,0,0,0,0,0,0,0,0,53.406,305.1546,0,0,0,0,,,,6.2179,2.3083,0,13.0594,0.1346,5.8359,3.6445,0.5501,9.7315,0,0,0,0,0,0,0,0,0,0,0,1.2312,2.7189,11.3553,0.1096,0.0078,0.0026,7.116,1.3663,409.886,81.052,0.6407,21.19,1.37,0.2925,10.0164,0.5422,46.8917,5.1697,1.6903,0.9878,0.338,0.0593,34.2197,,,,,,,,,531.2355,2.0715,9.72,0.3168,3.5144,0.0847,1.8297,15.2948,,,,,0.5014,0.009,0.0026,1.8039,0.03,0.0326,0.0114,108.6076,-1
